49583
808106
28338
88192
44628
521627
196249
432605
135545
73338
37479
518059
18140
140674
172868
903054
10592
190082
92120
79440
815325
39955
110347
18795
16380
17294
569093
12580
136320
75482
161935
18342
544843
77101
179286
521813
802879
80869
121090
80129
76161
219463
100364
16141
157077
804070
39303
65571
1061123849
102751
45517
116015
525257
161925
530569
66836
105228
98369
814072
524553
529353
142600
814546
19953
514650
84009
148824
155639
61515
129942
801442
133229
35284
180755
530958
41647
58576
539557
142546
131425
518850
18502
316661
22574
107127
909041
816071
810961
142731
60681
60119
526156
78835
13447
69948
560030
801282
80564
148907
533851
120346
810839
124074
217875
93135
801171
904113
11604
137539
533157
48028
537008
805651
71869
165660
26289
515061
128906
808366
803385
70053
529031
154967
516759
125511
155716
121234
10451
557139
562284
105398229
907253
115431
214850
819209
18029
79724
62839
802130
813022
63965
36808
802230
88281
19346
30512
34324
14729
202709
14101
97287
86301
92925
42114
319464846
65183
120577
100534
30230
59760
57343
88257
544687
59980
94382
102062
206304
112009
522807
500237
43509
16759
108384
138962
120149
160875
66259
89372
41897
87658
531859
73054
850230
171534
15938
78324
15070
144711
53286
20192
57532
190446
529845
166190
593936
76739
535437
198695
77594
542507
18826
143403
810198
111751
165844
27073
103526
46954
74063
23735
106312
30592
32309
107778
103268
56904
157071
806777
87285
48379
12379
805456
20953
815114
75794
808460
223880
61048
953135
531202
20808
134740
70233
121564
39012
71959
809432
173087
815428
68215
520053
40617
140785
102629
527425
524755
14878
113254
906662
147579
97345
15137
56507
70378
114154
806286
49825
118464
168875
74349
92190
38227
135354
801048
120355
550727
516582
549323
81347
28994
21688
34761
49184
60469
59460
556682
74329
92708
115847
819453
529628
130368
118370
118912
43431
100864
81532
826022
518493
49889
811562
802286
40572
111569
21311
150277
31343
135846
53552
46749
119155
43664
909256
814016
134775
32370
808611
801952
77765
807097
33885