21294
23321
23772
25745
26067
26523
27653
27768
27808
27848
27981
28385
28388
28546
28550
28572
28661
28985
29000
29184
29331
29649
29681
29695
29696
29762
29802
30001
30062
30534
30744
30785
30811
30879
30903
31126
31176
31346
31354
31467
31620
31705
31709
31812
32371
32397
32559
32600
33028
33112
33154
33181
33205
33412
33600
33635
33704
33893
33971
33985
34233
34268
34303
34305
34326
34431
34549
34672
34714
34884
34929
35021
35091
35156
35194
35382
35421
35764
35767
35804
35970
36028
36365
36390
36579
36651
36714
36719
36786
36807
36835
36860
36926
37092
37117
37150
37335
37498
37542
37665
37862
37890
38186
38209
38210
38366
38434
38646
38654
39087
39093
39197
39278
39395
39495
39519
39714
39841
39910
39955
40101
40354
40508
41437
41644
41821
41854
42863
42960
43594
43622
43647
44106
44303
44668
45688
46516
51108
65212
68828
70940
74268
74750
74983
75625
76388
79215
80386
81679
82753
84014
84794
85860
86029
86910
88867
89018
89449
89521
89965
90019
90202
90385
90553
90895
91079
91111
91148
91267
91284
91323
91700
91769
91787
92267
92451
92586
92589
93010
93261
93924
94021
94437
94609
94664
94702
94863
95066
95112
95258
95756
96175
96222
96663
96777
96857
97213
97561
98446
98518
99184
99203
99335
99662
99766
99831
99832
100235
100267
100434
100639
101008
101186
101292
101297
101611
101738
101882
102108
102535
102699
102805
102810
103150
103350
103453
103462
103698
103841
103932
104424
104716
105747
105781
105798
105889
106195
106258
106970
106978
107190
107929
108105
108353
109299
109538
110124
110219
110751
113138
113168
113889
113893
114687
115800
118803
119068
119794
120360
120612
120734
122543
124977
126587
130867
132465
134282
137157
152681
155884
165049
175788
177269
190502
202946
203960