24934
113957
66984
31939
27764
22820
103337
117837
95414
112665
100038
76058
26157
31339
116478
26000
79334
70343
93181
115982
94122
24501
108968
98701
25095
39647
115638
89114
81236
178147
23910
71537
83675
27264
75883
68837
25317
29162
32555
28075
93958
27286
32577
33385
39218
29679
128264
37738
123497
28465
27276
29874
115400
32245
87227
71396
27390
34749
37479
24421
23455
38736
115398
127412
32669
65625
73435
25408
29193
28762
30125
156588
94154
25801
31961
112247
67075
64142
25930
26389
31004
31095
45910
30174
26596
548341
31702
64389
87175
23824
117414
134307
25033
171482
194257
103480
102661
31926
97207
82330
33511
27196
165578
27733
113377
40443
47506
29910
107733
82882
87842
31771
49638
30223
104796
68722
23460
36016
109797
75857
97392
51448
28739
39931
25241
54482
33203
168931
24085
79008
95393
70811
27312
99972
52247
50765
110421
28617
88220
215683
37930
35515
77237
33616
26686
548344
30476
31617
107459
24758
31133
22817
104161
99319
72998
26396
31928
98914
29571
26073
95904
123203
119368
24194
81931
32643
122496
111793
116738
48771
35231
110645
26781
32458
82058
44363
25757
74897
36181
108143
80475
111558
104308
31039
36086
30244
57929
102679
111056
35199
29268
35612
61905
31090
97642
108707
130995
34497
32390
98363
36456
26189
183599
129123
70340
107063
36238
46458
119332
85158
145210
33195
141082
67688
22821
68711
34831
38825
48503
35651
107494
95278
37112
28567
54508
28138
126114
69413
52664
31984
23937
88352
79960
37287
22659
65517
34244
35867
91773
22701
117068
51452
30160
59003
108538
90008
108768
89433
51136
109090
34503
36762
116325
124573
34310
31625
22830
86791
33055
34857
103962
154255
57601
65785
99390
132599
55965
41400
29519
57710
119142
56002
104701
88085
110739
104532