28514
93826
817390
137549
77298
61042
65359
33016
22558
33780
130367
804877
810972
116424
88111
21627
817485
36655
521796
130374
147439
45665
804780
529821
542504
74576
164687
24404
29221
1120380116
15254
126354
100046
14485
90660
59139
90916
184713
66317
814586
107710
86608
520356
201554
138185
75175
555651
103223
72099
548593
59494
14113
84329
71877
23461
84116
909350
138973
137605
908758
81215
81327
39799
98194
815568
50199
511950
34868
259964
67249
47926
24447
94479
179268
128416
12600
515823
109521
125172
148178
32445
15408
88731
52012
810048
93940
117149
70401
111589
135853
813353
531948
15815
93986
807780
1076897663
183966
24691
68606
59394
172796
32499
548459
56162
39365
35469
246089
11378
162537
804759
159437
55275
132329
43790
66237
51577
111194
809983
74736
184745
62328
112860
435201
169805073
108038
809050
71000
185298
70688
103646
515962
81304
22400
92464
31127
80030
32470
97127
32278
62438
102784
75967
57868
28650
527195
51178
100294
17281
806412
516266
531713
34210
575468
163831
801748
78297
165302
181425
529142
56922
128654
136516
803035
110941
70581
48299
57866
115242
115586
14108
53184
54066
99186
145366
70125
172843
52833
905870
105357
75309
108982
90671
56035
131584
70015
45493
551838
145017
78732
41982
111767
536607
143162
46804
112794
14940
133795
52598
25090
41844
137067
126340
24870
24128
533368
150075
131427
103976
79330
344038
553955
75255
148157
34462
142840
95808
91337
38495
532519
98641
24208
42244
808525
75658
55345
59313
804811
18395
129706
53774
51131
806842
43896
44572
67253
149731
46156
29023
125920
80018
120159
102476
89046
128125
57364
75211
64150
64664
113461
114229
36768
97387
21000
85751
98409
908116
61387
27472
806406
532856
80023
26875
131515
163103
23375
908285
154623
805351
57647
543788
131582
97865
810382
530601
232828
164085