549361
569785
526506
114858
77537
907938
68541
82897
146649
78771
70081
536204
520296
125005
18326
18018
96682
432109
89625
68062
834212
120524
192784
122564
128868
33526
76691
39934
78802
338575
69044
117938
71513
515781
171349687
905159
10538
514308
120414
34791
45227
140010
69881
513681
63260
174219
115942
35370
143899
236018
147028
34833
57104
60569
47365
17901
54706
815193
253475
53198
906190
817191
511887
122928
56171
801390
801268
48552
16110
14007
40119
544162
51069
174122
68429
73709
18034
87074
74264
101502
525483
83276
813689
113490
89693
583848
159334
48578
27696
124291
214888
812661
535554
160624
525812
48488
548698
54914
542270
532103
15311
182397
64698
903801
11114
54286
61308
51784
500119
914476
45358
804076
27940
113488
536640
547585
803745
515715
41104
805324
26493
85937
67291
95770
22199
38631
530565
201087
805775
17999
28411
186867
113346
907337
529473
881126
532904
69908
95864
201422
530807
549953
513683
530585
85634
542140
89775
805072
70941
193278
50433
157459
45735
142041
185077
109816
31138
83312
167909
31323
74236
105011
45953
55716
129518
52236
87532
50470
284689
76414
37555
145226
517828
58296
77764
57903
171392
534846
148520
118474
161182
68734
125432
110742
36980
129415
15548
118039
803263
216274
182888
15134
137866
115565
536015
146970722
102421
532975
28683
43119
79367
40720
34572
91868
94041
21437
64215
93530
48125
162088
89438
149863
54156
553156
534332
808556
521197
113889
36170
96547
26699
64772
164952
31096
93020
14770
35904
90111
34477
903536
77322
29381
91484
45753
204388
13235
118487
802949
158344
92659
936056
48019
22488
544375
82586
42104
57898
90576
24605
64076
70672
108379
1051643920
105805
547916
71992
100428
190465
524900
63056
93556
121592
15156
86598
20668
14334
15235
529515
802237
66704
534084
512087
84968
192516
41154
172181
521423
800436
142448
530032
106849
75034
79713
119892
69663
51214
149043
121817
25775
48208
14010
30591
480601747
88383
170480
58437
26080
34702
136156
529666
97537
818554
83838
101532
23082
218896
65399
56688
93056
190692
11024
91057
128671
114580
800838
112586
84556
19928
107480
75881
125421
64653
10303
117048
136526
34523
512023
96495
526555
70421
85828
529039
11393
36580
91375
36253
52499
145938
813804
22048
142925
16434
103917
105533
1087738336
80787
34701
813406
546035
55972
817468
140508
113542
521004
54184
98376
913138
52763
22663
533427
915735852
168881
529470
51087
542414
527611
807884
14554
812900
79834
34882
18957
22104
49204
127186
40759
134089
199594
804744
24717
1012105812
15352
670204427
548350
84594
518695
91249
10939
211616
30410
526663
551319
36911
543765
29206
500269
87221
31721
91866
81392
71787
80089
222077
520817
136989
32395
514126
99500
23536
910851
69558
32610
819112
53585
115670
87826
105590
933317
807661
49308
13497
515678
27624
517128
92967
39160
75827
518820
100731
535401
98884
247270
259377
264746
44797
801532
69858
108266
35105
482280
14966
100300
217370
32315
530007
196165
92929
139113
73301
73588
31770
812066
36410
51838
542600
90548
126672
49052
823921
531132
96737
43066
129103
80300
523820
517277
142976
17115
57171
11016
519786
198552
149519
104716
51518
157077
120395
133853
109854
45523
115499
10492
112946
118155
145227
45266
68733
13282
100382
87576
132122
28892
142344
140833
814603
32297
167622
95172
23975
97105
39795
24961
98913
54027
86227
91924
177035
532319
109682
66836
132620
167339
18335
146243
803302
801582
71208
33539
24324
153164
198733
909107
50866
99128
517043
24184
801893
47441
60806
429430
156054
120284
97476
103235
88438
89970
150007
82664
104342
516000
804359
143125
45172
59715
57959
31936
72646
525171
523050
801992
76555
202700
116074
197084
167017
51172
801102
67657
84442
36537
62046
119592
803889
36653
111030
82812
130448
89352
808243
70791
15722
154532
137116
155280
542673
73354
134198
93455
118121
28033
523938
95982
809700
126942
47012
526969
546050
1080736641
75277
37103
93740
85923
137987
146100
190747
171780
108387
16234
47425
19282
164846
500037
813932
518903
10056
31328
141613
544988
291469
195407
85926
41985
77799
55693
54983
541572
41935
212664
34856
802401
21426
10387
46944
80710
808163
20857
105370
47641
725764894
87058
545287
178611
42897
39139
30483
104165
542845
812512
67425
139788
90228
77720
820144
10326
12930
555319
104567
223308
96372
109958
83884
512343
543944
81388
800812
85437
18414
153802
106701
26052
16228
68214
524043
160081
33691
88966
79137
163965
131306
78786
520357
19827
118068
160554
127895
144177
69493
11895
101189
529113
29614
521768
70236
108279
68152
80112
251384
77011
91672
102217
41972
112819175
521793
905066
66028
77637
516818
157783
26372
816719
53265
142666
25767
74324
16758
817302
51891
156458
25030
27472
65015
142575
196522
109165
43223
33185
59174
114689
67095
65450
543035
282767
19174
108317
135054
132863
115646
185545
60336
41959
10811
32848
96825
33596
123338
160241
46351
805579
72489
135799
125439
107187
172516
35663
24265
500106
68726
132341
569576
191479
67865
112496
128716
511972
18708
153107
85764
469404806
149090
21759
133624
20050
242623
28181
28013
88879
68474
28260
848741
118449
128168
94177
116906
910855
22605
90670
110000
95337
103111
11067
817043
28997
16942
81112
41445
512286
257944
138937
86812
169614
520562
49086
522831
64648
12439
105206
54757
902813
81856
114173
111126
223701
127697
817115
33080
532777
69246
141689
57442
85520
151046
28817
19757
515325
802780
590677
113404
57668
166080
40844
31023
91625
278747524
34579
72807
38231
160989
524112
192389
61579
81207
49154
157615
224065
925926
81447
557308
45598
101862
101806
96674
807388
92592
132460
87862
90028
69839
181424
85555
65518
84861
81632
55379
97346
810998
66320
113614
28839
144013
87008
85056
530389
543969
39466
241777
20691
39984
11268
512092
80215
194482
132861
21677
101765
80814
45013
24608
66740
819623
812613
68228
31921
132127
533238
63008
195630
822991
89891
11780
41006
817307
922010
122636
75812
20817
130625
118812
51729
22770
71387
88142
21050
818932
71210
13185
113961
151855
131941
65339
932791
108453
32754
71200
19044
521727
801187
516131
28385
151346
39705
143611
801906
55750
550511
36670
58573
144965
93788
152411
98040
106773
158417
24890
108511
807278
125685
155428
157298
15172
128531
69212
141170
149215
71289
11652
174468
56378
163469
43321
36468
150010
810839
128901
224031
58228
48256
14182
24985
802413
52075
144382
36044
809263
940260
131554
527669
61105
53113
121963
98039
58006
539757
61133
29521
41905
137563
519213
69255
104595
47246
22577
515810
109279
25477
903162
139693
35233
926189
57545
77226
932908
148927
909000
68847
483197
64655
806929
75966
22062
146091
536355
56349
137480
126528
46161
54186
85438
67721
21884
805969
21022
112831
44568
140683
818991
208835
801872
852693854
106255
160129
107004
812433
86204
165299
140359
130074
192154
527088
179845
63332
16684
10994
913716
518773
252837
81553
192209
912899
215148
63588
500022
146426
41394
29527
47793
126266
170354
129169
36847
184914
527591
531892
21789
48342
34030
109002
532602
33358
25742
527306
134687
50133
17412
29309
908620
42142
68081
48742
519850
99700
59014
76907
29049
123121
905266
87232
57074
112690
908134
95109
210305
52416
87897
526146
514610
72798
815604
90918
909782
529703
82263
110957
132147
20636
69764
64382
148283
57830
96230
114186
134187
60168
91436
43781
547584
24065
126777
202792
803654
539946
811584
40673
87145
551924
1127183799
143067
131803
91581
133707
130726
810696
53204
126985
115312
33779
185323
79867
62697
909388
23981
102749
535180
87726
107676
813498
108618
10506
19736
77079
100773
910004
518573489
172264
158291
533240
128654
23831
48868
518305
78942
907323
23192
16371
25776
10738
807462
124762
105356
41178
542076
125675
550591
77958
154848
812733
104454
814575
49390
71449
129545
147115580
512147
57034
49701
13969
84278
54141
198701
38052
28501
52744
93299
147363
91398
13222
26292
805965
122900
816690
811057
187662
820988
536164
520327
85938
59011
10118
22722
27876
548399
17227
149881
65495
82350
57216
26953
13463
907400
802191
69229
52007
154820
69948
536541
903482
530167
156355
907868
62029
531013
107428
28532
104135
609240627
24040
513615
556922
11784
133435
177625
252785
33508
201724
62267
78513
40860
90415
80604
21219
46220
117113
91075
25234
92009
803185
176787
542155
91771
102476
75601
34977
530430
14297
60493
90042
81843
71001
57208
113821
67502
140091
114450
820313
82824
135466
552769
320816
427762
547498
11792
17605
178303
81098
808481
106840
74010
141637
943522
813327
32714
806859
61056
52715
19481
17716
42829
41277
937495
58005
120762
51871
18255
18879
22044
50812
22326
29721
23519
29119
815066
128352
69877
550425
29173
137618
41405
85273
71944
71119
42851
19756
19922
35579
99520
513243
39269
49066
38664
71712
102049
110980
117490
163473
90325
15966
123123
88777
97771
24014
130334
111603
821149
527180
512701
99616
912389
18909
154620
18984
177329
536991
38795
121507
306197
23925
555991
807146
75475
36590
809784
99428
60687
176801
10368
542292
70757
99858
25648
11234
121910
519348
38016
519651
65150
521184
815833
121671
534555
90119
810908
57117
98212
74884
80352
524044
59224
42237
33629
519111
805617
40660
1050023730
113736
125027
37862
146967
143260
35198
161957
17211
132005
72076
105144
91038
167627
800084
525499
60918
135392
81024
224041
47313
548425
816422
840212
19762
122167
812100
113741
540357
55993
197704
803169
112504
60423
236003
180511
88947
811287
80186
47064
116544
229346
82428
530553
67378
92532
104563
911390
55763
56195
85605
113702
822728
541482
122218
57737
81877
114274
66644
89466
39822
58862
39774
68639
137818
54640
53851
104782
103110
175336
94713
68870
42055
41335
97155
72186
139917
19777
13540
145663
177428
77336
525108
102680
236758
16319
51862
824997
149054
11551
83863
169691
809606
814022
161072
79370
812793
79382
64202
46508
204726
172616
108750
89851
1050416167
38666
159730
83896
146303
1079877364
56341
86470
163326
515812
207525
15604
935590
152107
536539
64684
114266
12977
518915
41183
21026
86870
580574
75886
57711
70045
537491
122069
39618
809790
211286
566941
71706
512534
532913
14562
131181
540259
119948
152767
211538
73378
64919
142120
533859
45966
908520
124970
26431
87322
94888
136623
146051
27867
13740
31941
158996
160537
1051168067
123602
811628
91718
42050
78010
105272
146524
544492
76204
141824
229883
74023
58841
48045
30035
67911
311820
805874
78524
53226
124016
154877
290396
102014
801264
46794
318645
124673
79994
92507
133878
87694
165666
65563
515281
10763
97292
126022
84732
104670
111417
514354
516757
168067
957696
127941
55195
105155
138263
26564
34934
806673
113003
51423
547524
120869
812378
14227
13218
73274
30975
101511
86459
903551
39739
811060
52151
81043
65496
200700
121366
55169
72866
147662
550806
59903
904667
903647
36446
801335
102982
69264
521140
74373
547634
32962
180171
44340
803615
44773
91496
159351
81199
51095
500029
520418
804320
26979
516527
274366
52663
519591
85270
523958
58867
559843
819040
11853
57570
111556
288003
806042
523657
102908
258252
133346
165358
159184
32001
63871
127046
18194
15856
904785
23272
115174
37515
532148
516460
516653
52684
19765
74455
156621
433689529
47320
118264
37656
129501
119318
543472
803291
73593
98365
175664
162213
86981
803257
25289
100148
101471
124852
520679
148464
116412
527192
93958
529900
120742
71241
519988
44631
115337
67624
110223
103758
47518
813694
35612
21583
145574
803344
149897
800252
809628
24388
145353
104184
41819
11744
23426
66864
512228
903932
27475
525288
580846
906365
133831
910603
53462
806836876
817368
34252
74177
21407
214210
61803
39697
64131
20675
161422
39483
13774
130683
50899
107414
805893
89227
104753
65234
161616
19870
110724
15808
170424
807222
25840
523757
807580
541471
21381
44903
161003
810030
149012
191642
29553
13974
139273
816328
815638
55983
512403
154273
801446
39899
34230
429544
74107
54893
824754191
14390
166542
11345
12615
45751
35776
76000
45655
47948
436473
15044
95268
808035
83859
198572
66060
24525
129386
52782
34643
101556
1051358866
804411
523900
222951
87859
25271
19199
13191
27594
14150
912341
33275
140210
108055
108558
819392
59290
517354
904115
27366
109929
130129
809916
180378
329976
59437
52814
44265
128290
58683
1096940700
158482
513162
138563
202226
94064
807366
116474
101285
96856
27618
936595
819249
115772
856359
14382
54697
820196
107154
813094
168147
85106
134118
139400
133898
820902
81257
199391
98042
10477
111845
90983
92714
162309
56609
813751
22226
99924
51506
808960
53442
94723
801122
524835
121538
550840
34873
561474
803147
516683
136577
70243
81161
107453
902507
26709
143734
253245
72231
88082
813670
12626
138189
219855
564469
35645
552593
124819
28198
80805
145189
811436
539626
89759
540405
111662
512956
529791
814658
70702
66606
74238
67625
36978
63933
100368
128110
810865
806627
126399
147664
535873
54052
85176
22892
520495
132941
41107
131884
238050
33884
56245
109758
817754
18731
120784
97075
537733
902719
15861
37544
19675
71599
806941
517347
813774
807481
74521
90473
96830
165543
38442
192248
816043
903986
48528
87845
20939
118367
70424
63947
134860
34450
17894
24784
20039
804378
131058
215144
517631
28650
818174
144768
45230
36310
88939
110809
806640
80915
36261
529951
142464
64564
194527
57376
131579
81510
77114
61240
21169
88480
123564
27223