76894
23487
804140
49225
100307
159400
52614
564884
44587
808650
107105
805313
63944
40205
812106
808740
66207
132204
38538
801088
28241
806606
27319
914259
72019
522770
548589
167190
109145
256432
813400
203048
127577
103964
85916
63645
84445
33919
809744
104131
543264
521479
120208
195277
99721
904119
31345
44667
532800
158604
58972
119630
54959
518567
161534
21332
32656
804596
809322
109011
118845
122835
816543
522891
811544
209929
29997
37399
93352
509223
28899
27627
107502
810889
190419
98526
138586
121593
16454
227465
124962
59950
905652
44377
520668
27128
75987
99540
48056
85617
145016
141297
522812
33542
59400
195727
147169
801666
96104
50372
170256
801936
96307
156395
126345
135948
80093
54628
34247
62528
54749
80484
80951
13380
516780
814586
64457
90874
97536
11162
53050
159277
550868
130874
904868
807225
110773
46898
534777
911658
25655
210889
804989
142053
145128
145635
142998
40350
515266
146502
28086
67070
29590
72945
183161
58157
42240
118825
819835
25245
40001
10074
807356
54741
553194
39727
128455
908274
17310
30469
72672
908572
133908
53918
87245
121759
821509
128686
511775
46096
43861
518153
260257
514727
516317
108324
35113
52570
39943
119868
91582
513945
57896
535279
16600
71785
545288
127658
53326
580417
17757
545180
103338
36627
90310
536845
129758
59618
125065
77451