11139
15479
15625
16394
16398
16681
16924
17721
18040
18975
18979
19418
20107
20428
21134
22842
24385
25245
25360
25573
25633
26388
26406
26864
27174
27224
27769
28122
28592
29911
30038
30266
30787
32018
32275
33421
34437
35034
35426
35629
35681
35739
36653
37067
37850
38099
39029
39891
40159
40328
40431
40531
41658
41731
43170
44120
44712
45371
45489
46105
46250
46599
46763
47841
48360
50109
50306
51520
52606
53093
53122
53671
53679
54109
54640
55231
55303
55348
55534
55945
56469
56477
57717
58162
59034
60232
60378
60778
60877
61428
62176
62264
63238
64371
65289
65463
65600
66114
66667
67840
68111
68548
69383
69459
72014
72423
72951
73765
74014
74160
74274
74535
74538
75311
75773
77260
77619
78767
78857
78892
79144
79698
80266
80352
80568
81033
81261
81286
81670
82086
82664
82994
83146
83396
84246
84717
85347
85710
86178
86197
86331
86366
86821
86881
88291
89100
89397
89443
89884
90083
90751
90792
90964
91212
91636
92057
92443
93749
93836
94155
94460
94868
94966
94971
95164
95572
95584
95643
95852
95971
96819
96833
96906
97156
97657
98249
98254
98422
98910
99076
99298
99504
99511
99767
99878
99945
100082
100150
100636
100772
100886
101272
101326
101414
102522
102573
103357
103505
103892
104044
104411
104468
104489
104699
104861
105027
105055
105391
105486
106241
106282
106498
106548
106686
106723
107061
107473
107527
107650
108053
108118
108593
108630
108869
109186
109342
109362
109534
109759
109856
109875
110262
110383
110533
110681
111864
111976
111987
112479
112510
112548
112574
112766
113034
113140
113190
113238
113318
113330
113341
113562
113681
114164
114343
114539
114630
114750
114898
115044
115351
115500
115630
116059
116281
116544
116643
116809
116989
117185
117358
117405
117458
117610
117721
117823
117856
117958
118233
118254
118493
118503
118589
118682
118712
118726
118789
118906
119304
119508
119561
119621
119669
119683
119737
119786
119809
119870
119915
120107
120417
120431
120506
120585
120596
120634
120673
120756
120772
120782
120790
120819
121108
121284
121475
121591
121621
121804
121826
121841
122037
122190
122209
122322
122444
122524
122537
122582
122591
122980
123051
123344
123582
123705
123821
123919
123934
124162
124209
124394
124429
124437
124475
124529
124779
124814
124821
124853
124986
125205
125251
125260
125376
125377
125407
125435
125580
125796
125820
125870
126035
126103
126110
126118
126130
126245
126804
126946
127246
127349
127408
127429
127452
127472
127689
127924
127946
127968
128178
128517
128682
128741
128828
128839
129341
129641
129697
129922
129956
129970
130091
130137
130185
130222
130244
130353
130526
130575
130601
130687
130709
130726
130906
130926
130931
131004
131077
131092
131289
131317
131433
131480
131534
131557
131738
131772
131820
131873
131903
131993
132007
132065
132068
132081
132253
132288
132298
132455
132460
132648
132733
132777
132951
132986
133087
133116
133142
133163
133275
133305
133403
133423
133458
133530
133677
133691
133729
133732
133810
133878
133979
134015
134055
134095
134097
134128
134296
134298
134340
134400
134402
134403
134524
134560
134754
134900
134911
134990
135017
135144
135195
135230
135295
135296
135562
135599
135626
135638
135741
135902
135953
135997
136267
136304
136324
136470
136538
136576
136578
136604
136648
136876
137126
137154
137169
137264
137307
137443
137585
137613
137717
137803
137951
138018
138169
138297
138431
138452
138580
138612
138631
138632
138650
138658
138696
138712
138900
138903
139003
139004
139010
139047
139050
139102
139128
139146
139431
139435
139520
139521
139554
139653
139702
139754
139757
139813
139895
139898
139907
139947
139978
139997
140027
140113
140125
140141
140174
140195
140234
140267
140288
140313
140331
140350
140381
140400
140411
140488
140538
140617
140682
140716
140729
140802
140928
141070
141327
141503
141588
141599
141616
141655
141770
141942
141998
142011
142087
142104
142122
142186
142321
142619
142647
142788
142925
142954
143260
143307
143318
143335
143346
143352
143537
143555
143561
143565
143595
143605
143866
143912
143926
143958
144116
144136
144213
144274
144290
144333
144346
144500
144513
144614
144646
144674
144693
144810
144839
144844
144920
144943
145013
145170
145226
145240
145245
145289
145297
145344
145501
145505
145562
145623
145632
145705
145741
145806
145890
145979
145993
146070
146074
146132
146139
146193
146356
146369
146396
146475
146526
146549
146690
146700
146762
146782
146883
146986
146992
147009
147021
147093
147160
147161
147205
147214
147308
147436
147499
147713
147722
147738
147777
147879
147896
147931
147975
147982
148016
148025
148168
148249
148269
148271
148349
148358
148405
148524
148542
148570
148701
148849
148929
148953
148955
148960
149000
149122
149211
149222
149316
149381
149391
149415
149491
149505
149517
149529
149613
149618
149659
149669
149729
149928
149970
150007
150110
150159
150196
150216
150230
150246
150365
150510
150591
150621
150634
150703
150748
150798
150894
150953
150995
151089
151158
151170
151171
151192
151261
151347
151435
151450
151553
151670
151704
151738
151748
151806
151839
151951
151959
151977
151988
152023
152073
152224
152241
152254
152273
152331
152361
152437
152458
152555
152620
152678
152696
152710
153025
153107
153113
153129
153193
153212
153223
153336
153410
153443
153450
153480
153609
153657
153687
153792
153860
153932
154032
154056
154095
154115
154116
154123
154168
154180
154309
154335
154370
154389
154528
154535
154574
154595
154606
154623
154627
154706
154811
154812
154850
154851
154853
154885
154970
155014
155015
155036
155061
155062
155153
155165
155167
155183
155203
155213
155320
155384
155458
155478
155515
155571
155591
155724
155730
155763
155782
155899
156040
156073
156092
156118
156157
156216
156227
156262
156306
156382
156494
156520
156525
156624
156632
156731
156733
156766
156784
156811
156842
156910
156923
156939
156991
157053
157171
157182
157200
157249
157256
157288
157327
157459
157462
157513
157656
157694
157743
157788
157793
157900
157901
157939
157975
158048
158053
158058
158143
158147
158195
158239
158327
158332
158350
158360
158414
158490
158506
158527
158541
158565
158569
158583
158643
158644
158650
158684
158733
158781
158783
158804
158820
158889
158975
159001
159116
159120
159150
159281
159311
159400
159478
159480
159483
159499
159542
159591
159592
159617
159689
159789
159829
159915
159923
160007
160020
160035
160040
160070
160091
160108
160118
160137
160146
160181
160224
160256
160257
160282
160332
160370
160413
160517
160539
160613
160620
160698
160807
160815
160957
160966
161308
161335
161371
161375
161441
161450
161455
161477
161494
161510
161539
161545
161549
161557
161645
161667
161711
161738
161755
161831
161842
161910
161934
161959
161992
162002
162110
162249
162288
162310
162357
162441
162503
162582
162588
162618
162645
162759
162768
162778
162793
162832
162834
162841
162854
162863
162879
162942
162985
163229
163266
163362
163372
163471
163502
163538
163558
163572
163586
163632
163636
163662
163682
163784
163919
163975
163982
163986
164001
164003
164012
164042
164063
164080
164168
164176
164234
164274
164290
164411
164500
164547
164583
164588
164624
164792
164888
164892
164952
164958
164998
165045
165053
165150
165194
165215
165242
165272
165379
165401
165451
165585
165723
165735
165775
165818
165833
165894
165904
165946
165962
166002
166128
166165
166193
166197
166255
166269
166309
166373
166398
166471
166473
166476
166478
166525
166609
166646
166648
166649
166716
166739
166746
166788
166851
166891
167017
167031
167066
167157
167200
167204
167213
167228
167244
167312
167374
167438
167445
167499
167518
167541
167574
167646
167683
167760
167788
167791
167882
167904
168003
168019
168042
168058
168062
168122
168127
168153
168181
168230
168254
168290
168295
168323
168375
168384
168411
168495
168504
168576
168599
168619
168655
168685
168699
168804
168842
168855
168963
169002
169043
169088
169131
169327
169341
169406
169455
169467
169550
169579
169605
169619
169694
169695
169729
169774
169862
169891
169903
169969
170017
170022
170037
170039
170041
170066
170084
170128
170170
170184
170186
170206
170249
170342
170390
170401
170471
170521
170543
170581
170626
170755
170761
170766
170815
170836
170871
170880
170914
170971
170982
171038
171059
171095
171110
171212
171223
171254
171262
171300
171385
171427
171467
171475
171489
171491
171496
171516
171521
171624
171660
171668
171685
171728
171852
171874
171919
171951
171954
171971
172045
172046
172064
172113
172160
172181
172293
172451
172544
172592
172626
172641
172704
172712
172741
172742
172774
172812
172830
172875
172906
172943
172949
172955
172965
172993
173151
173196
173239
173272
173289
173303
173366
173398
173429
173461
173491
173510
173575
173684
173712
173757
173847
173953
173976
173995
173996
174038
174103
174117
174126
174196
174219
174285
174365
174409
174456
174482
174491
174521
174547
174586
174598
174634
174637
174659
174663
174693
174749
174868
174905
175000
175010
175019
175039
175072
175093
175115
175143
175231
175249
175268
175271
175276
175286
175392
175418
175437
175453
175461
175475
175488
175523
175532
175541
175549
175562
175575
175582
175617
175621
175692
175694
175721
175744
175748
175753
175838
175853
175873
175875
175900
175941
175952
175983
175990
176031
176053
176194
176209
176210
176211
176239
176261
176282
176290
176307
176388
176408
176445
176520
176548
176577
176590
176714
176752
176768
176814
176841
176884
176885
176902
176950
177035
177038
177139
177158
177235
177267
177304
177356
177361
177362
177390
177395
177411
177547
177676
177684
177710
177726
177772
177798
177842
177876
177906
177915
177924
178007
178018
178085
178097
178146
178159
178191
178222
178240
178250
178324
178385
178387
178416
178464
178554
178590
178601
178611
178727
178814
178815
178850
178867
178972
179020
179046
179066
179124
179127
179198
179214
179235
179253
179268
179305
179326
179341
179390
179481
179569
179576
179617
179634
179644
179650
179653
179689
179691
179692
179712
179722
179777
179782
179815
179830
179869
179884
179992
180030
180153
180161
180167
180239
180334
180340
180392
180462
180470
180511
180538
180555
180576
180648
180659
180675
180682
180706
180854
180893
180906
181001
181022
181039
181043
181090
181145
181193
181227
181245
181258
181298
181337
181424
181456
181506
181509
181547
181578
181599
181612
181674
181695
181700
181797
181805
181827
181833
181849
181967
181981
181989
181992
182000
182002
182018
182027
182032
182045
182071
182120
182140
182153
182173
182178
182196
182204
182263
182292
182354
182359
182375
182397
182410
182414
182446
182454
182488
182510
182558
182613
182684
182687
182716
182787
182805
182812
182839
182849
182865
182960
183019
183057
183081
183163
183167
183195
183196
183232
183239
183280
183290
183347
183383
183466
183475
183486
183489
183554
183570
183627
183646
183708
183887
183907
183922
183927
184015
184098
184147
184164
184248
184275
184298
184304
184324
184342
184347
184391
184403
184412
184420
184421
184463
184481
184570
184575
184585
184640
184669
184684
184737
184747
184798
184834
184838
185012
185040
185071
185139
185164
185194
185214
185229
185284
185348
185361
185389
185400
185421
185450
185489
185567
185621
185821
185848
185871
185880
185914
185994
186017
186061
186093
186253
186254
186286
186290
186297
186310
186328
186350
186447
186546
186571
186631
186660
186695
186700
186714
186718
186734
186746
186807
186817
186841
186930
186935
187001
187005
187035
187096
187136
187144
187169
187172
187202
187221
187280
187353
187397
187437
187448
187469
187476
187525
187599
187626
187630
187660
187662
187665
187844
187977
187999
188018
188019
188031
188039
188047
188126
188141
188142
188192
188262
188291
188303
188341
188346
188374
188390
188427
188451
188577
188670
188713
188729
188796
188807
188820
188826
188834
188850
188862
188934
188935
188949
188955
189142
189143
189167
189202
189213
189261
189291
189319
189379
189380
189471
189510
189519
189584
189597
189603
189604
189675
189707
189730
189761
189816
189843
189891
189913
189922
189939
189974
189982
190045
190047
190066
190071
190095
190112
190138
190139
190143
190146
190231
190237
190271
190339
190355
190367
190370
190435
190447
190467
190540
190616
190626
190633
190676
190700
190724
190788
190791
190876
190877
191053
191171
191215
191245
191248
191338
191501
191575
191599
191642
191675
191677
191685
191686
191765
191865
192036
192087
192091
192103
192128
192209
192213
192216
192249
192290
192314
192334
192345
192346
192360
192378
192419
192432
192442
192467
192516
192547
192572
192577
192611
192634
192904
192913
192928
192931
192992
193042
193090
193225
193234
193253
193264
193278
193289
193308
193316
193317
193337
193355
193361
193391
193445
193485
193490
193595
193602
193627
193675
193711
193756
193884
193889
193899
193907
193919
193946
193978
193987
193994
193998
194026
194046
194082
194093
194114
194217
194342
194385
194390
194413
194417
194442
194458
194466
194507
194527
194550
194580
194585
194611
194682
194683
194706
194708
194719
194774
194791
194825
194838
194886
194924
194970
194972
194976
195029
195034
195035
195041
195042
195084
195131
195271
195277
195284
195315
195319
195327
195337
195343
195359
195361
195409
195479
195492
195515
195624
195641
195690
195743
195815
195829
195849
195941
195947
195948
195986
196019
196036
196101
196157
196262
196269
196271
196319
196418
196462
196526
196541
196584
196694
196700
196784
196799
196810
196848
196849
196850
196858
196863
196872
196888
196908
196910
196968
197006
197063
197071
197153
197213
197255
197361
197408
197415
197435
197503
197507
197602
197621
197702
197717
197723
197732
197753
197760
197773
197814
197826
197844
197943
198018
198026
198058
198132
198133
198216
198232
198310
198312
198333
198352
198412
198478
198526
198541
198583
198808
198830
198852
198856
198865
198888
198911
198924
198954
198956
198959
198975
199014
199017
199025
199037
199062
199085
199174
199181
199223
199271
199325
199361
199380
199480
199510
199524
199547
199576
199588
199725
199756
199857
199862
199879
199906
199908
199937
200003
200017
200064
200074
200097
200109
200177
200243
200269
200293
200318
200329
200367
200411
200437
200456
200523
200575
200578
200599
200610
200620
200773
200777
200852
200879
200994
201020
201060
201086
201146
201197
201198
201263
201338
201340
201393
201400
201401
201435
201470
201499
201547
201551
201559
201624
201627
201738
201768
201776
201927
201940
202004
202047
202122
202172
202177
202183
202218
202259
202313
202322
202348
202377
202543
202586
202662
202686
202737
202801
202807
202862
202873
202995
202999
203010
203048
203083
203200
203264
203344
203358
203374
203389
203440
203454
203464
203581
203679
203683
203718
203836
203967
203973
203987
203996
204088
204114
204215
204303
204361
204362
204411
204437
204450
204478
204652
204787
204799
204865
204907
204910
204945
204956
205069
205118
205148
205226
205233
205324
205328
205329
205364
205410
205414
205436
205464
205482
205543
205544
205557
205595
205628
205730
205736
205753
205783
205785
205801
205816
205833
205838
205845
206102
206110
206170
206207
206218
206226
206227
206230
206301
206335
206364
206395
206484
206597
206627
206630
206633
206687
206702
206708
206912
206934
207026
207106
207162
207176
207216
207310
207336
207474
207529
207543
207647
207661
207738
207755
207779
207849
207875
207953
208040
208049
208121
208170
208194
208338
208377
208381
208419
208510
208533
208565
208600
208603
208646
208820
208835
208872
208965
209005
209073
209091
209111
209144
209148
209150
209189
209194
209213
209222
209236
209239
209357
209436
209454
209539
209559
209574
209607
209621
209637
209679
209737
209761
209777
209795
209812
209900
209922
209937
209941
209942
210031
210083
210104
210174
210205
210272
210286
210379
210420
210489
210576
210590
210652
210673
210748
210753
210821
210852
210889
210911
210918
211010
211137
211203
211213
211262
211308
211412
211421
211446
211457
211484
211491
211509
211517
211538
211564
211580
211712
211728
211789
211877
212067
212084
212138
212151
212228
212322
212396
212397
212421
212519
212536
212643
212652
212701
212813
212832
212839
212852
213231
213285
213296
213627
213641
213648
213652
213663
213665
213711
213766
213780
213792
213800
213933
213947
213952
214134
214151
214271
214275
214276
214309
214310
214342
214551
214570
214580
214617
214622
214639
214649
214653
214701
214772
214850
214973
214991
215052
215102
215448
215610
215681
215686
215687
215705
215744
215865
215911
215948
216001
216071
216109
216194
216254
216296
216318
216340
216399
216404
216470
216510
216522
216525
216671
216744
216792
217026
217050
217052
217073
217192
217195
217227
217313
217341
217398
217399
217458
217495
217533
217703
217708
217791
217811
217894
217903
217973
217974
218003
218044
218169
218213
218297
218302
218368
218383
218397
218423
218466
218502
218503
218515
218542
218571
218577
218598
218638
218896
218972
219022
219030
219035
219132
219152
219156
219198
219336
219344
219397
219509
219581
219689
219699
219749
219772
219773
220072
220079
220146
220199
220217
220269
220387
220469
220577
220730
220831
220834
220879
220913
220920
220987
221057
221097
221134
221145
221152
221156
221224
221284
221298
221309
221329
221365
221430
221457
221481
221500
221558
221586
221606
221674
221775
221822
221889
221922
221973
222085
222155
222178
222271
222516
222629
222656
222669
222691
222692
222812
222820
222845
222886
222926
222973
222991
223079
223086
223132
223138
223173
223181
223205
223227
223268
223312
223386
223411
223467
223501
223607
223619
223651
223711
223717
223747
223755
223848
223853
223871
223878
223900
223939
223989
224017
224065
224096
224148
224208
224212
224304
224317
224514
224526
224531
224540
224548
224615
224710
224737
224787
224816
224866
224872
224899
224926
224969
224972
225097
225193
225426
225507
225548
225677
225698
225702
225746
225910
225973
225979
225983
226000
226089
226094
226131
226150
226154
226235
226251
226271
226310
226350
226473
226490
226498
226503
226658
226703
226765
226877
226914
226980
227022
227051
227124
227167
227168
227247
227264
227415
227462
227465
227548
227615
227633
227790
227998
228104
228115
228188
228277
228304
228330
228362
228464
228491
228492
228571
228686
228692
228767
228825
228925
229030
229138
229141
229266
229290
229321
229346
229387
229426
229481
229591
229653
229712
229910
229929
230004
230008
230035
230050
230080
230099
230104
230144
230159
230161
230194
230203
230232
230257
230279
230363
230369
230379
230573
230655
230664
230746
230756
230791
230813
230819
230847
230888
230916
230919
231014
231089
231160
231175
231179
231323
231340
231360
231386
231394
231397
231465
231589
231608
231611
231700
231722
231879
231905
231972
232029
232088
232171
232191
232297
232304
232415
232477
232609
232728
232966
233046
233096
233162
233277
233439
233614
233651
233658
233675
233758
233774
233834
233868
233991
234033
234039
234040
234050
234286
234341
234456
234462
234473
234548
234642
234691
234695
234727
234733
234799
234811
234884
234991
235075
235090
235131
235171
235253
235359
235387
235427
235500
235625
235662
235851
235927
235929
236273
236335
236349
236375
236419
236542
236568
236625
236651
236655
236656
236675
236768
237062
237165
237292
237294
237321
237423
237500
237546
237616
237646
237843
237929
238050
238217
238382
238411
238466
238485
238593
238694
238722
238831
238882
238908
238959
238982
239115
239295
239298
239301
239455
239492
239535
239664
239773
239832
239925
240002
240014
240340
240437
240453
240526
240534
240672
240706
240829
240887
240894
240903
240922
240940
241064
241133
241322
241461
241506
241517
241537
241583
241777
241789
241990
242172
242206
242227
242286
242403
242591
242807
243092
243103
243109
243260
243317
243510
243626
243724
243760
244077
244156
244159
244325
244344
244376
244412
244456
244506
244510
244530
244691
244860
244865
244866
245079
245328
245427
245519
245550
245567
245647
245841
245865
245910
246047
246097
246150
246171
246286
246311
246518
246572
246600
246608
246650
246727
246729
246805
246870
246903
246922
246994
247008
247044
247085
247099
247117
247693
247706
247925
248000
248071
248138
248362
248365
248455
248480
248502
248530
248547
248552
248617
248649
248699
248984
249057
249095
249143
249265
249282
249450
249473
249575
249597
249638
249887
249982
250033
250050
250138
250496
250661
250789
250922
250976
250978
251000
251029
251184
251270
251406
251450
251540
251547
251563
251637
251769
251931
251987
252015
252276
252296
252406
252435
252506
252599
252679
252716
252748
252785
252946
253020
253051
253095
253227
253311
253332
253423
253460
253492
253500
253522
253843
254000
254266
254418
254537
254620
254774
254980
255017
255082
255164
255306
255309
255368
255526
255611
255646
255792
255982
256306
256317
256432
256671
257136
257257
257309
257453
257464
257495
257837
257910
257944
257997
258252
258735
258775
258778
258779
258857
258908
258943
259122
259241
259396
259406
259576
259716
259724
259791
259795
259825
260572
260823
261456
261747
261897
262043
262110
262418
262475
262967
263036
263069
263136
263316
264163
264266
264836
264894
264911
264939
265066
265205
265464
266401
266406
266409
266498
266965
267030
267198
267345
267744
267808
267881
268035
268252
268323
268640
268762
268787
268967
269309
269667
269731
269807
270048
270064
270069
270341
270749
270825
270939
271090
271230
271522
271764
271794
271892
271938
271955
272201
272229
272266
272456
272501
272789
273202
273283
273453
273705
273719
273995
274060
274218
274238
274268
274366
274702
275478
275947
276093
276191
276371
276378
276518
276531
276532
276602
277131
277197
277261
277668
277695
277713
277862
277902
278360
278442
279588
279790
279855
279886
280106
280250
280503
280885
281286
281289
281357
281759
282023
282213
282538
282573
282681
282709
282924
282930
283210
283691
283744
284030
284176
284471
285050
285105
285142
285358
285645
285873
285891
285915
286374
286761
286828
287401
287508
287685
287830
287874
287954
288217
288239
289085
289268
289631
290064
290217
290333
290410
291231
291241
291337
291433
291469
291915
292315
292488
293022
293031
293198
293361
294150
294532
294784
294916
295542
295746
296114
296129
296369
297034
298091
298170
298413
298798
299044
299722
300145
300284
300399
300607
301090
301434
301517
301710
301829
302317
303054
303535
303930
304227
304735
304914
304988
305056
305390
306289
307655
307717
308124
308277
308871
309364
310264
310742
311428
311820
312938
313080
313350
313919
314582
315220
315938
316496
316661
317842
318084
318205
318455
318568
318644
318645
318682
318691
319131
320010
320325
321394
322221
322574
322799
322928
323053
323157
323598
323823
324065
324294
325020
326147
326968
327269
327374
327688
327707
327734
327830
329201
329492
329976
330359
330468
330877
331446
331718
331954
332711
333247
333372
334114
334133
334854
335801
336527
336619
337408
337586
337771
338264
338286
339478
339571
340144
340551
341642
342123
342663
342951
343251
343521
343647
343992
344037
345140
345429
346748
347191
347656
347926
347976
348116
348525
349344
349549
350172
350367
350714
351115
352775
352776
353303
353901
354271
354642
354888
355669
355929
356457
356468
356500
357240
357482
358150
358818
360088
360710
361541
361956
362253
362596
363173
363474
363743
364058
364207
366488
367869
367955
368279
368667
369560
369735
369772
369808
369883
370577
370769
372067
373411
373494
374816
375632
376785
378365
378399
378488
378897
382341
383712
383862
384145
386265
386701
386769
386786
387030
387106
387451
388026
389904
390018
391127
391173
391278
391704
392816
394316
394595
395681
397708
397834
399862
400334
401270
401771
403198
405022
407498
407846
409143
409488
409910
410577
410617
411418
411454
412593
412743
414132
415265
415439
417677
418262
419239
420306
423656
424458
424522
427383
428871
429430
429596
431916
432394
434494
439101
439152
442854
443103
443190
444890
444911
445737
447195
447720
449068
449558
452552
453240
453549
455385
456264
456570
463355
468158
468185
470367
471655
472748
473822
474155
475707
479913
481236
482164
482168
482958
485322
489737
491526
495862
500006
500007
500009
500010
500011
500012
500013
500014
500015
500016
500017
500018
500020
500021
500022
500023
500024
500025
500027
500028
500029
500030
500031
500033
500034
500035
500036
500037
500038
500039
500040
500041
500042
500043
500044
500045
500047
500048
500049
500052
500053
500054
500056
500057
500058
500059
500060
500063
500064
500065
500066
500068
500070
500071
500072
500075
500076
500077
500079
500080
500083
500084
500085
500086
500087
500088
500089
500090
500091
500092
500093
500096
500097
500099
500100
500102
500103
500104
500106
500107
500108
500109
500110
500112
500113
500115
500119
500121
500122
500123
500124
500125
500126
500130
500131
500135
500136
500139
500141
500142
500144
500145
500146
500147
500148
500149
500151
500154
500157
500158
500159
500160
500162
500163
500164
500171
500174
500175
500177
500178
500180
500182
500183
500184
500185
500186
500187
500188
500189
500191
500192
500197
500198
500199
500201
500202
500203
500205
500206
500207
500208
500209
500210
500211
500212
500214
500215
500220
500221
500224
500225
500226
500228
500229
500235
500236
500237
500238
500239
500240
500241
500242
500244
500245
500248
500250
500253
500254
500255
500256
500257
500259
500260
500261
500264
500265
500266
500267
500268
500269
500270
500272
500273
500274
500275
500278
500279
500282
500287
500289
500291
500293
500296
500299
500301
500302
500303
500304
500305
500307
500308
500309
500310
500311
500313
500314
500317
500318
500322
500325
500328
500329
500331
500332
500335
500339
500350
500357
500360
500365
500367
500369
500380
500396
500417
507558
507689
508737
512553
512962
513323
514178
514456
515390
517139
517472
517961
517962
518099
518104
518409
518995
520718
521181
523007
524567
524574
524826
524955
525157
525678
526099
527276
529917
529932
529972
530540
531258
532089
532565
532645
533474
533625
533743
533913
534024
534340
534343
534344
534345
534885
535245
535247
536457
536955
537157
537449
539300
541966
542027
542726
543117
543153
543525
543527
543536
543731
543995
544040
544042
544043
544044
544395
544733
544834
544900
544903
544904
544926
545069
545250
545388
545389
546077
546078
546096
546097
546240
546259
546284
546304
546313
546314
546315
546316
546317
546654
547141
547239
547422
547654
547666
548171
548172
548189
548355
548359
548360
548369
548769
548910
548912
549570
549662
549663
549668
549669
549704
549780
549781
549782
549954
549993
549996
550276
550418
550419
550420
550441
550444
550445
550446
550553
550614
550683
550686
550771
550772
550907
551254
551260
551309
551421
551484
551489
551493
551510
551553
551580
551664
551814
551892
552028
552083
552251
552314
552421
552475
552497
552718
552755
552758
552804
552981
552983
552988
552992
553205
553222
553237
553433
553439
553450
553497
553513
553514
553528
553619
553762
553777
553917
553925
553926
553929
553941
553949
553958
553986
554011
554055
555140
555144
556436
557710
557711
558021
558061
558406
558708
559837
559866
560183
560252
560362
560623
560981
561131
561132
561260
561489
561509
561699
562203
562262
562479
562483
562515
562685
562744
563493
563593
563688
563950
564194
564200
564498
564794
565157
568213
570921
574779
575356
575902
579938
581985
583028
583771
584035
587543
588096
589144
589145
589450
589572
589693
590270
591900
595659
900587
901327
901328
901366
901376
901416
901565
901568
901573
901580
901620
902183
902740
902833
902881
903074
903097
916062
916063
916522
916989
926390
926391
926416
926600
926939
927179
927272
928976
928980
928981
928982
929386
929394
929510
929757
929803
929810
930009
930159
930196
930274
930474
930524
930652
930653
930654
930655
930657
930670
930778
930900
931023
931529
939901
940023
940701
940773
940782
940785
940816
940821
940825
940850
940924
940946
940947
940974
940981
941001
941799
943654
944807
952955
953016
953017
953130
953376
953381
953401
953560
953725
953789
953790
101197072
102376094
102407322
102441204
102544354
102627895
102772245
102892315
103791775
105083813
105138176
105332586
105398229
106150728
106383624
107589294
107606481
108231286
108471184
109191385
109685312
109883807
111388882
113685261
114920257
116032876
117364558
117698645
118693190
119447215
120431973
121545026
123539461
123674560
125026495
125318610
125460179
125711602
126121965
126591604
126832166
128354016
131177346
133318818
134797345
135310853
143069555
144483228
144537152
146572401
146739402
146970722
147115580
147687811
151830568
153617321
164554120
165047904
172017212
178296437
182631943
193488629
194567598
200000413
201937644
212116208
213204317
213425473
229604331
234503195
237424260
247490110
253956104
314238106
375903649
387377048
397076641
399751849
416483361
466400404
475836077
480615166
500764638
510021779
525696558
679610194
698356129
715040348
733559283
746770334
764391339
867122111
886175749
910541605
967550825
979067112
983968288
997019444
1000116295
1019617211
1035284341