11151
18147
26225
26286
27153
29521
31800
32864
36550
37570
38188
44983
46293
46300
49373
49886
52159
52622
54559
56030
57415
57676
60498
62113
65426
68114
68257
68734
69008
69076
69606
69845
70865
71284
71764
71925
72708
73747
75278
75421
75721
75932
75950
76087
76504
78929
80679
80841
81505
81886
81929
82328
82811
84205
84367
85186
85994
86031
86506
86602
87325
87987
89039
89060
89484
89818
89840
90080
90388
90580
90983
91231
91417
91461
91730
92226
92261
93298
93405
93416
94129
94134
94457
95196
95547
96216
96311
97032
97172
97547
97619
98580
99523
99527
99612
99752
100589
100766
101539
101583
101657
101740
101778
101942
101968
102431
102583
102946
103747
104023
104136
104154
104594
104730
105225
105375
105395
105612
105928
106760
107030
107449
108716
108825
109414
109761
109974
110169
110791
110851
111210
111407
111689
111946
112299
113047
113302
113776
113921
115277
115537
115663
116085
116618
116652
117519
117649
117725
117824
118088
118367
118587
118627
118846
118920
118983
119029
119181
119792
120055
120209
120265
120384
120627
120777
121378
121401
122707
122717
122769
123123
123968
124058
124378
124591
124621
124791
125091
125253
125324
125395
125525
125782
125880
126030
126201
126302
126313
126418
126736
126824
126837
127116
127290
127708
127807
128088
128233
128351
128363
128752
128777
128923
129584
129617
129973
130093
130608
130673
130700
131182
131195
131459
131890
132188
132497
132713
132720
132821
132980
133027
133385
133686
133692
134120
134208
134658
134922
135248
135249
135568
135594
135957
136513
136640
137027
137038
137073
137398
137428
137465
137788
137847
137984
138085
138101
138213
138215
138423
138786
139337
139352
139472
139877
139899
139937
140055
140347
140755
140899
140946
141122
141308
141372
141661
141991
142187
142188
142330
142379
142440
142731
142951
142962
143077
143391
143472
143764
143780
143937
143987
144184
144524
144724
144792
145019
145253
145367
145394
145847
146212
146328
146413
146547
146635
146697
146728
147123
147221
147261
147337
147977
148268
148445
148609
148621
148931
149089
149131
149145
149192
149435
149658
150217
150625
150947
151472
151915
152643
152651
152699
152840
152842
152946
153046
153554
153706
153849
153904
153948
153979
154260
154416
154593
155002
155059
155069
155166
155227
155228
155433
155531
155588
155960
156091
156151
156492
156551
156821
157048
157068
157159
157253
157408
157469
157520
157524
157794
157828
157928
157933
157976
158029
158137
158302
158305
158307
158370
158617
158649
158788
158847
159055
159132
159153
159185
159263
159524
159579
159650
159738
159821
159969
160011
160077
160194
160233
160284
160311
160357
160438
160483
160643
160712
160729
160731
160759
160795
160830
160953
160961
161003
161241
161413
161550
161551
161795
161922
162264
162554
162611
162635
162687
162742
162790
162830
162905
162999
163129
163519
163657
163672
163687
163773
163936
163950
163983
164026
164039
164269
164308
164384
164441
164459
164471
164497
164505
164575
164719
164818
164841
164908
164931
164962
165072
165121
165179
165285
165319
165341
165487
165676
165678
165687
165693
165795
165949
166059
166260
166304
166510
166688
166768
166946
166950
167121
167280
167295
167320
167377
167423
167456
167511
167513
167640
167653
167898
167934
168233
168373
168415
168463
168674
168753
168808
168860
168906
168914
169134
169187
169217
169422
169543
169617
169977
170146
170158
170322
170403
170442
170735
170747
170854
170904
170916
170950
170999
171087
171120
171158
171201
171264
171505
171518
171550
171751
171940
172117
172119
172211
172358
172518
172532
172598
172632
172699
172726
172754
172817
172823
172880
172902
173031
173091
173273
173387
173392
173601
173622
173743
173751
173792
173837
173838
173874
173910
173912
173919
173986
174114
174167
174172
174215
174237
174242
174309
174312
174471
174566
174595
174731
174815
174829
174836
174859
174888
174893
174920
175009
175022
175056
175062
175087
175211
175274
175277
175290
175330
175388
175401
175516
175593
175597
175652
175868
175933
176133
176180
176213
176260
176311
176575
176609
176823
177056
177204
177212
177417
177450
177456
177549
177554
177720
177814
177845
178284
178293
178301
178407
178445
178454
178532
178618
178728
178763
178936
178950
179108
179122
179212
179264
179461
179507
179677
179704
179786
179999
180217
180317
180327
180333
180465
180696
180771
180838
181166
181207
181265
181425
181625
181663
181683
181726
181755
181864
182016
182050
182235
182351
182463
182595
182779
182862
182888
182914
182918
183161
183267
183320
183425
183495
183595
183849
183882
183950
183973
183980
184021
184224
184230
184468
184538
184729
185057
185133
185253
185263
185343
185437
185499
185543
185676
185970
185978
186020
186029
186039
186200
186228
186294
186296
186397
186422
186492
186654
186663
186688
186878
186879
186893
186894
186936
186942
187108
187178
187330
187603
187625
187840
187880
187926
187949
187958
187984
188007
188020
188063
188158
188238
188343
188500
188609
188763
188821
188926
188938
189020
189046
189075
189107
189294
189355
189360
189406
189443
189502
189518
189605
189610
189737
189921
190022
190032
190058
190279
190290
190294
190342
190785
190909
190954
190976
191048
191144
191158
191303
191403
191418
191562
191684
191734
191753
192012
192055
192077
192351
192449
192525
192555
192631
193094
193128
193139
193203
193295
193356
193373
193476
193625
193701
193726
193727
193957
194150
194695
194870
194874
194882
195103
195270
195280
195369
195421
195498
195524
195652
195752
195781
195820
195837
195896
196143
196208
196230
196407
196513
196554
196691
196818
196833
196862
196930
197078
197147
197156
197416
197647
197899
197993
198139
198242
198460
198518
199016
199034
199178
199226
199315
199370
199488
199564
199601
199691
199823
199850
200223
200244
200319
200596
200896
200909
201164
201276
201369
201419
201687
201843
201931
201965
202010
202124
202140
202226
202294
202321
202455
202599
202705
202762
202768
202796
202799
202964
203339
203360
203443
203654
203780
203974
204029
204061
204087
204129
204248
204265
204282
204317
204451
204564
204580
204591
204745
204881
205159
205223
205282
205314
205502
205597
205799
205907
206316
206959
206983
207158
207243
207245
207430
207455
207537
207584
207587
207606
207784
207890
207918
208069
208144
208151
208272
208426
208535
208588
208637
208701
208854
208886
209237
209290
209391
209402
209417
209471
209803
209821
209829
209833
209934
209979
210045
210140
210230
210307
210364
210853
210954
211093
211186
211191
211355
211377
211453
211459
211503
211534
211549
211550
211558
211611
211618
211671
211754
211762
211956
212028
212086
212188
212456
212619
212677
212914
212963
213187
213204
213216
213319
213331
213341
213441
213507
213522
213631
213739
213955
214030
214109
214129
214318
214405
214487
214490
214696
214794
214813
214857
214858
214860
214895
214896
214913
214921
214923
214942
214955
214983
214985
215093
215119
215146
215266
215349
215355
215489
215507
215707
215717
215822
215843
215861
215871
215878
215907
215957
215962
215972
216021
216121
216354
216355
216534
216551
216620
216778
217189
217236
217300
217482
217507
217529
217601
217754
217784
217817
218098
218102
218146
218171
218206
218440
218478
218595
218745
218851
218975
219187
219326
219556
219560
219707
219719
219911
219926
219947
219962
220042
220062
220075
220145
220167
220183
220219
220227
220234
220327
220354
220439
220480
220547
220593
220643
220677
220770
220890
220921
221017
221071
221191
221312
221621
221662
221747
221763
221797
222240
222393
222652
222687
222769
222795
222819
222879
222883
222913
222929
222951
222974
223019
223319
223367
223471
223594
223643
223701
223769
223927
223975
224031
224313
224336
224431
224512
224538
224658
224740
224922
224955
225117
225141
225187
225252
225286
225552
225561
225582
225618
225803
225829
226073
226223
226284
226401
226746
226818
226879
226920
226993
227039
227057
227058
227075
227118
227459
227498
227551
227619
227704
227905
227933
228191
228296
228334
228341
228378
228711
228746
228766
228795
228873
229147
229473
229640
229739
229791
229808
229883
230155
230201
230251
230378
230736
230774
231047
231262
231556
231573
231725
231844
231908
231993
232071
232170
232221
232258
232340
232380
233000
233078
233139
233293
233372
233434
233580
233591
233653
233711
233782
234166
234475
234846
235027
235052
235074
235199
235623
235857
235895
235920
236018
236198
236826
236851
237101
237420
237523
237542
237565
237713
237740
237915
237978
237988
238209
238697
238930
238985
239375
239398
239438
239593
239651
239695
239725
239818
239956
240284
240404
240470
240555
240566
240794
241019
241095
241135
241283
241766
241813
241890
241901
241925
242173
242177
242201
242291
242337
242344
242603
242777
242812
242841
242908
242993
243289
243394
243579
243595
243636
243859
244034
244360
244586
244909
244930
245127
245398
245617
245746
245769
246079
246234
246478
246871
246904
246941
246999
247132
247222
247270
247362
247534
247541
247624
247784
247975
248081
248307
248338
248353
248783
249380
249537
249576
249622
249668
249677
249681
249778
250249
250430
250450
250579
250821
250880
250964
251023
251188
251700
251768
251881
251895
252274
252351
252391
252695
252813
252854
253104
253204
253261
253303
253543
254179
254193
254321
254366
254373
254440
254983
255283
255865
255895
255899
256149
256633
256828
256925
257013
257025
257477
257498
257922
257940
258241
258421
258507
258551
258608
258631
258881
258945
259299
259344
259761
260044
260053
260128
260292
260295
260451
260501
260859
260959
261027
261305
261509
261535
261548
261559
261572
261653
262793
262861
262892
262911
262942
263024
263350
263393
263592
263646
263995
264011
264463
264660
265000
265181
265253
265512
265784
265794
265898
266046
266077
266098
266457
266564
266910
267422
267704
267712
267717
267755
268184
268369
268386
268396
268506
268855
268858
269062
269068
269157
269408
269412
269877
270194
270384
270559
270784
270796
270872
271638
271661
271998
272314
272602
272753
272841
272883
273311
273358
273402
273670
274004
274149
274277
275267
275352
275404
275598
275647
276056
276163
276292
276359
276451
276529
276552
276614
276636
276800
277608
278165
278255
278658
278892
279184
279337
279385
279476
280273
280533
280868
281037
281543
281674
282217
282264
282767
282783
282834
282879
282960
283011
283758
284239
284316
284648
284843
284852
284924
285045
285620
286057
286134
286257
286384
286398
286635
287583
288003
288212
288640
288905
289046
289452
289691
289809
289858
290396
290558
290881
291535
291638
292082
292378
292464
292716
292769
292875
293034
293360
293411
293820
294188
294210
295107
295839
295953
296322
296449
296666
296771
297075
297106
297298
297455
297530
297566
298264
298491
298517
298521
298680
298693
298729
299072
299288
299665
299852
300065
300339
300554
300562
300909
301260
301377
301793
301799
301842
302024
302159
302181
302200
302649
302827
302985
303047
303171
303869
304589
304636
304961
305168
305307
305452
305521
305628
305672
306709
307059
307312
307493
307728
307975
308373
308517
308608
309379
309407
309610
309615
309688
310547
310734
311039
311114
311128
311230
311304
311545
312602
313270
313568
313693
314960
315736
316132
316393
316448
316593
316830
317368
317412
318116
318688
319077
319525
319724
319775
319896
320172
320422
321054
321572
321660
322537
322587
323291
323983
324311
324548
324762
325043
325080
325751
327130
327161
327352
327685
328160
328840
329541
329994
330401
331037
332367
333223
334047
334233
334351
334671
336536
338564
339206
339258
339383
340453
340675
341776
342198
342390
342797
342862
342961
343840
343998
344285
344825
345137
345940
346101
347305
347453
347488
348174
348209
348374
349357
350383
350615
351152
351622
351969
352444
353000
353891
354053
354647
354726
354837
355682
355772
356393
356588
357109
358056
358830
359193
359231
359586
361729
361757
361953
363119
363661
363756
363983
364624
365688
368460
369074
371362
371640
371825
373875
375923
378052
378224
378312
378794
378835
379010
379141
379918
381614
382289
383372
383657
383889
384388
386551
386909
387514
387984
389561
389641
390433
391675
391902
393313
393561
393739
393825
393977
394210
394297
396307
396423
397654
398290
398670
399456
403849
404599
406121
406177
406995
407628
407819
412216
414269
414342
416090
416204
417046
417297
419129
419166
419497
419992
419997
420666
421015
421445
422690
423778
424866
425802
426031
427037
427908
428616
428737
429336
429689
430212
432746
435201
435276
435582
436108
436198
436473
436729
437025
437336
438727
440704
440799
441290
441571
443292
443600
444787
445349
448513
448850
452039
452797
453376
455596
456658
457125
459111
460419
461326
461592
462384
463132
464464
464775
464937
465741
467487
467724
469176
470746
471375
472097
474191
474224
475469
477029
477936
479194
483197
484603
485099
485511
486076
486267
486753
486851
486852
487404
488209
490080
492059
492754
496503
497471
498041
498998
499904
508381
508478
509223
511819
512828
512829
512830
512833
512834
512835
512836
513701
513734
513738
513740
513741
513746
513910
514311
514312
514314
514317
514358
514438
515011
516336
516823
517352
519034
519243
519245
519246
519247
519251
519252
519526
519542
519544
519545
519546
519548
519549
519550
519551
519553
519558
519559
519560
519851
519867
519868
519971
520907
520908
520909
520913
520915
520917
520918
520919
520920
520921
520924
520926
521399
521420
521422
521423
521427
521428
521430
521431
521470
521473
521477
521478
521479
521480
521483
521484
521553
521703
522911
522912
522913
523827
524163
524210
524234
524235
524237
524278
525099
525100
525106
525108
525111
525115
525140
525162
525165
525166
525167
525168
525170
525171
525172
525173
525176
525226
525227
525228
525229
525239
525240
525242
525260
526474
526475
526711
527158
527243
527359
527361
527362
527364
527468
527557
527558
530179
530180
530738
531541
531701
532301
532302
532303
532310
532512
532513
532745
532767
534309
534310
535093
535897
536451
536983
536991
539005
539006
539480
539522
541552
542140
542600
542770
543002
544100
544334
544739
544744
544934
545136
545182
545695
546390
546951
547010
547138
547179
547459
547460
549690
550166
550256
550691
550697
550832
550863
550890
550998
551148
551689
551753
551768
551819
551833
552143
552278
552423
552677
552780
553030
553466
553982
554095
554137
554231
555817
555838
555881
556758
556859
557870
559282
559285
559286
559288
559975
559980
561669
563630
563633
563661
563826
563901
563971
564005
564310
564397
564418
564451
564485
564673
564686
564692
564778
564905
565132
565974
566006
566251
566569
566967
567044
567192
567258
567434
567436
568747
569092
569093
569120
569124
569149
569150
569249
569391
569720
569785
569817
569835
569993
569995
570599
570698
570912
571002
571446
571842
573904
576271
576555
576872
577129
580855
582095
583601
588642
589330
590394
590460
590508
590667
591264
593224
593426
900453
900877
901019
901030
901887
902023
902191
902777
902780
902845
902961
903069
903137
903147
903310
910165
910699
910701
910863
915526
915614
915765
915787
915827
915922
916105
916503
916523
916607
916608
916720
916996
917069
917158
917518
917560
918029
918081
918192
918293
918366
918525
918599
918828
918835
918924
919104
919162
919174
919212
919213
919214
919249
919254
919289
919898
920062
920090
920164
920179
920378
920382
920383
920750
921014
921122
921144
921227
921341
921618
921630
921680
921721
921839
921951
921952
921954
921975
922001
922225
922235
922309
922335
922340
922342
922343
922369
922381
922423
922590
922980
923221
923456
923464
923571
923628
923901
925091
925260
925289
925292
925310
925348
925375
925376
925419
925421
925429
925474
925494
925495
925497
925509
925533
925541
925588
925607
925639
925649
925694
925696
925697
925736
925890
925926
925932
925969
926058
926063
927197
927424
927826
928171
928415
932767
934179
934683
934798
936867
938975
941848
942040
942041
942091
942143
942499
943260
943264
943401
944866
945767
946547
946556
946558
953598
953599
953976
953978
954336
954471
954509
954518
954521
954627
955281
955452
955455
955499
955878
955898
955899
955900
955926
955939
956001
956012
956014
956021
956023
956026
956031
956039
956041
956071
956123
956138
956165
956174
956592
957077
957090
957167
957174
957988
103329548
103917697
115573815
120657549
123737608
133790543
144977866
150763338
150992197
154743473
164101582
164146394
169805073
174553798
174589841
184931007
185683194
188752887
189202940
190351619
191621217
191903268
191925150
195672134
196696203
198427120
201053027
201695766
211747785
212945075
213326863
214557957
220220516
222256845
231598164
235596160
236524223
237355379
243668978
245541651
246628220
251862822
254860754
256548064
256805965
257027046
259549170
261473814
263940501
264766497
265477191
265556305
266102935
273896622
275236444
278747524
279849129
282395216
282427758
286177664
286648251
288638336
293027241
294818716
301173705
303168234
307791961
309983293
318180431
321949173
323862925
325265593
325966540
337988738
338402819
338571426
340573295
340841530
340843998
344566626
347586394
350401853
351768533
358604174
362824160
364416375
371094763
372015670
374381048
379897969
383123775
392758844
394261749
400246414
402504772
410132390
415235681
416493946
421790784
422096435
424050443
428811938
433710777
435649622
441696254
442779736
451788176
462520352
473812465
474092075
486728361
492933218
493602328
494162309
499769368
503560891
504846092
505547930
505688557
506573786
509017067
512079673
512893087
513732246
515724975
519341419
519797468
520157875
523102548
525888732
526888712
530127411
532810745
534097707
534273265
536547774
537566013
540482488
545354175
547650996
548793345
556764773
556934208
567952886
571368140
571636044
572980291
577902084
587865169
590932553
593050411
603399691
603410970
609336359
610676992
612772219
614351352
614860813
615060822
616249897
616971586
622850029
624308414
627676426
635198882
639917279
642929787
643365838
645072004
648510281
649610769
650928059
651813160
652010564
665308051
666697242
666801768
666846464
669738951
672937889
674304165
675229879
676377479
676893250
677279003
682165710
683472058
684703138
686346986
687494120
688942939
692209520
693315199
704939312
705121065
707015497
707252422
710176974
712732813
712920408
720885582
729814188
731690205
735098006
739955728
742571852
743179180
747796417
752011430
756497609
757518255
757855922
760708201
760728171
762557150
765617000
766592451
768943739
769350444
773978848
779671988
780103867
780296191
781461741
782825749
786473603
789169797
791416133
793496025
794086137
799497476
802014155
805975280
809244868
813960177
816249816
818340884
818704067
821459348
823108688
826328931
829367655
830562243
830943747
831767234
833618894
834852932
838317828
844236462
846013947
848326281
860366351
866949698
871179096
876418966
877969460
878712549
880479827
881104563
881302602
882733313
884064233
888015231
891139438
893822889
898798789
899152449
902041659
903058532
903163222
907638584
908061653
908122209
908685148
911071527
911935303
915599549
916729632
920123027
922601821
924389095
925096963
926818612
930624900
936218495
936853248
937123302
937721180
938371337
942783124
945623062
948367089
949563824
962000917
964058935
967465628
969501369
969805193
980589689
991820465
995562729
998332378
1000476020
1004192522
1010035819
1012495957
1014647942
1017424586
1023407012
1025832598
1033214884
1037165389
1037763855