10706
11239
13541
14707
15303
15430
15569
17146
17960
18492
29495
30492
40743
45591
46096
46750
48163
48417
48512
50269
52595
53005
54436
55591
58843
62196
63911
64710
65252
67219
70869
72797
84031
85471
88089
89412
90197
94139
95104
99554
104431
109884
131272
133103
134712
135958
140742
144435
152582
154161
155490
155802
158211
161342
173440
180267
182074
192465
192812
198909
202924
226164
229544
238142
249310
254322
290114
331473
410963
417195
484601
511976
511977
512267
512813
512814
512995
513585
513781
515131
517780
521359
527308
530212
531241
534177
536275
555234
555261
556021
558249
559265
559266
566476
568441
570367
800611
801680
801957
802125
802282
802412
802482
803140
803581
803768
803886
803903
803966
804076
804087
804176
804191
804202
804221
804369
804377
804668
804762
804765
804777
804799
804807
804923
805000
805001
805076
805134
805140
805418
805508
805518
805586
805588
805625
805668
805786
805901
805931
805937
806020
806027
806035
806073
806118
806159
806196
806208
806280
806288
806328
806385
806388
806437
806456
806548
806610
806641
806652
806680
806694
806731
806744
806746
806778
806812
806867
806883
806897
806904
806928
806980
807004
807028
807032
807042
807067
807089
807119
807145
807169
807182
807195
807216
807248
807257
807283
807304
807306
807320
807350
807381
807382
807412
807420
807449
807475
807483
807495
807526
807527
807533
807546
807550
807562
807586
807590
807596
807601
807629
807648
807657
807677
807730
807767
807816
807830
807863
807911
807925
807935
807983
807997
808002
808045
808084
808092
808113
808135
808155
808164
808253
808262
808301
808304
808312
808329
808331
808350
808356
808372
808382
808399
808404
808437
808473
808503
808504
808521
808536
808548
808554
808557
808560
808616
808634
808733
808793
808811
808846
808874
808903
808944
808969
809048
809171
809179
809200
809237
809245
809260
809299
809327
809366
809389
809416
809420
809432
809451
809478
809480
809487
809489
809508
809550
809561
809572
809584
809606
809608
809624
809636
809637
809729
809735
809757
809829
809874
809893
809936
809950
809973
809986
810006
810007
810021
810022
810025
810037
810053
810058
810077
810079
810095
810106
810108
810127
810190
810199
810222
810270
810293
810301
810321
810349
810356
810382
810444
810449
810500
810557
810609
810634
810709
810757
810783
810832
810851
810885
810889
810894
810903
810911
810934
810987
811001
811015
811132
811142
811148
811228
811230
811259
811275
811280
811300
811362
811379
811385
811397
811502
811550
811609
811613
811619
811622
811642
811698
811704
811710
811730
811816
811819
811876
811880
811923
811979
811993
812018
812020
812025
812026
812038
812047
812086
812112
812143
812156
812158
812168
812172
812179
812266
812284
812306
812326
812338
812350
812353
812360
812376
812398
812428
812434
812444
812477
812483
812496
812564
812624
812626
812639
812688
812716
812731
812732
812758
812794
812863
812868
812876
812979
813002
813003
813030
813071
813131
813134
813136
813189
813193
813248
813268
813270
813280
813303
813305
813316
813356
813362
813367
813368
813371
813408
813414
813460
813484
813494
813531
813533
813635
813659
813665
813699
813738
813818
813862
813875
813900
813906
813922
813923
814040
814112
814124
814145
814165
814173
814176
814205
814250
814262
814328
814333
814381
814387
814441
814507
814510
814526
814553
814556
814560
814564
814570
814575
814579
814596
814676
814688
814691
814702
814712
814764
814777
814823
814830
814907
814918
814926
815002
815025
815047
815051
815107
815117
815149
815164
815165
815179
815225
815238
815249
815265
815283
815303
815305
815312
815318
815338
815385
815405
815421
815439
815463
815475
815489
815492
815494
815496
815506
815507
815521
815546
815553
815555
815568
815621
815632
815653
815658
815668
815706
815720
815743
815757
815773
815778
815783
815784
815800
815817
815860
815884
815886
815907
815923
815961
815972
815975
815977
815983
816017
816028
816035
816048
816057
816062
816079
816084
816104
816123
816129
816130
816146
816164
816166
816170
816194
816213
816221
816248
816258
816260
816278
816301
816328
816330
816335
816385
816403
816408
816409
816413
816461
816463
816491
816499
816519
816524
816549
816565
816577
816582
816587
816588
816591
816596
816606
816631
816663
816674
816681
816691
816693
816696
816740
816752
816770
816772
816773
816785
816801
816808
816812
816815
816823
816825
816829
816831
816845
816847
816859
816863
816864
816871
816885
816902
816910
816922
816926
816929
816931
816933
816936
816941
816943
816994
817010
817064
817097
817099
817103
817157
817182
817190
817203
817209
817215
817226
817228
817252
817262
817264
817267
817285
817295
817302
817313
817321
817323
817336
817337
817345
817349
817354
817357
817360
817361
817371
817385
817390
817422
817429
817439
817444
817445
817459
817463
817477
817495
817501
817502
817512
817528
817535
817540
817543
817552
817553
817558
817590
817603
817606
817611
817613
817617
817626
817628
817645
817647
817648
817661
817692
817699
817706
817720
817721
817732
817747
817757
817760
817767
817770
817789
817791
817801
817816
817820
817830
817833
817842
817848
817850
817856
817866
817875
817877
817878
817886
817897
817905
817909
817920
817929
817959
817967
817972
817975
817996
818005
818009
818020
818025
818049
818066
818069
818090
818091
818094
818114
818115
818118
818128
818144
818158
818162
818174
818180
818190
818271
818279
818288
818291
818303
818312
818313
818346
818348
818350
818390
818398
818403
818408
818419
818429
818432
818435
818445
818450
818453
818454
818497
818505
818520
818533
818535
818550
818554
818585
818613
818619
818621
818632
818635
818692
818693
818695
818704
818718
818723
818731
818743
818751
818770
818780
818796
818840
818857
818864
818881
818882
818885
818911
818919
818927
818931
818933
818965
818968
818973
818982
818986
819002
819008
819023
819024
819040
819057
819104
819110
819150
819155
819162
819167
819192
819197
819206
819209
819247
819256
819277
819281
819292
819346
819352
819353
819374
819379
819390
819419
819423
819443
819447
819449
819474
819486
819505
819507
819514
819527
819542
819554
819592
819605
819614
819623
819637
819639
819646
819648
819668
819670
819701
819704
819710
819730
819731
819732
819743
819754
819773
819774
819794
819798
819804
819807
819838
819855
819856
819862
819872
819879
819905
819973
819980
819990
820006
820026
820042
820068
820084
820148
820149
820151
820163
820172
820187
820188
820204
820207
820211
820221
820246
820252
820313
820319
820351
820353
820361
820368
820375
820389
820403
820445
820446
820469
820480
820496
820500
820511
820544
820566
820570
820607
820665
820667
820690
820700
820745
820754
820766
820804
820805
820808
820836
820928
820936
820945
820958
820981
820986
820988
821028
821053
821068
821071
821096
821131
821217
821226
821230
821252
821267
821270
821283
821284
821313
821331
821358
821479
821511
821512
821529
821612
821616
821678
821703
821772
821785
821837
821885
822030
822040
822056
822072
822076
822231
822234
822250
822284
822329
822364
822382
822384
822391
822428
822451
822506
822511
822516
822542
822562
822566
822574
822625
822725
822736
822745
822752
822897
822918
822923
822959
822974
822991
823005
823014
823048
823053
823060
823065
823075
823167
823172
823186
823213
823279
823433
823628
823637
823691
823852
823907
823908
824061
824066
824096
824119
824133
824171
824237
824303
824355
824447
824477
824521
824535
824609
824645
824688
824691
824701
824777
824856
824909
824948
824955
824985
825026
825066
825122
825159
825171
825254
825276
825288
825327
825440
825552
825582
825601
825650
825671
825736
825746
825877
825900
825957
826036
826165
826175
826249
826290
826349
826362
826414
826448
826470
826475
826498
826585
826592
826650
826689
826710
826771
826805
826930
826969
827041
827256
827283
827367
827408
827588
827671
827757
827772
827812
827839
827865
827903
827962
827965
828030
828072
828112
828427
828492
828560
828582
828589
828756
828787
828795
828909
828996
829009
829170
829361
829388
829420
829505
829562
829598
829608
829652
829830
829845
830004
830263
830268
830361
830404
830422
830475
830483
830502
830770
830771
830849
830926
830978
831045
831056
831140
831159
831527
831802
831887
831976
832004
832037
832107
832186
832280
832323
832399
832680
832815
832861
833079
833352
833372
833740
834049
834142
834212
834429
834577
834738
835920
836029
836066
836429
836986
837452
837578
838370
838832
839321
839395
839470
840028
840485
840515
840671
840733
840827
840832
840839
840861
840996
841043
841107
841277
841500
842891
843371
843760
843882
845016
845178
845350
846128
846363
846740
847439
848525
848690
848946
850091
851046
851108
851699
851941
852207
852311
852571
854382
854668
855244
855832
856004
856115
856485
856840
857510
859509
859755
860106
860276
861493
862184
864928
865051
865270
867046
867528
869173
869707
870318
870695
871117
872452
874278
875094
875532
877525
878799
881732
883763
885592
886347
886416
887559
889125
892115
893632
894304
896037
896616
897617
897931
898315
902627
902629
902635
902687
902698
902734
902817
902991
903101
903440
903441
903627
903690
903691
903744
903745
903748
903749
903753
903763
903777
903790
903867
903982
904011
904110
904120
904242
904393
904402
904455
904557
904558
904559
904600
904666
904909
905002
905074
905112
905113
905162
905267
905269
905293
905294
905443
905509
905533
905653
905847
905891
905912
905999
906014
906089
906283
906292
906312
906334
906449
906491
906498
906662
906668
906965
907038
907039
907205
907215
907247
907289
907323
907324
907341
907349
907350
907430
907433
907528
907578
907806
907824
907844
908012
908019
908065
908095
908114
908117
908120
908122
908124
908125
908135
908136
908202
908207
908208
908263
908336
908337
908505
908607
908650
908652
908691
908707
908708
908711
908714
908757
908758
908829
908866
908891
908911
908914
908946
909072
909115
909116
909129
909131
909199
909335
909350
909351
909353
909354
909355
909356
909357
909358
909421
909422
909515
909650
909758
909871
909924
909975
910014
910031
910032
910099
910127
910220
910320
910452
910456
910506
910761
910789
910790
910835
910880
910881
910926
911047
911242
911296
911534
911535
911544
911768
911799
911856
911874
911962
911990
912155
912258
912274
912325
912326
912343
912405
912420
912672
912811
912846
912988
913162
913198
913199
913276
913294
913303
913323
914266
914267
914347
914444
914475
914476
914495
914502
914537
914538
914569
914586
914604
914652
914681
914684
914839
914844
914860
914917
914984
915023
915024
915036
915152
915153
915179
915208
915443
919506
919711
924420
924425
928563
929105
930372
932907
933095
933483
933699
935460
935915
936290
936366
936461
936485
936523
936710
937496
939616
942076
943313
945500
946205
946339
101508128
117575474
135713666
135742289
136538886
159818926
169608017
221800013
236599764
238356252
261075781
306697215
330976005
353479881
357238889
388907605
416161552
472558513
482660437
493489162
535319434
535840645
552784091
574443245
661082297
686936509
707083084
722547202
795685695
796118345
826794052
840250886
894980518
909527113
940091388
952615574
983476208
990942159
997762696
1002939892
1006889022
1050023730
1050043684
1050128334
1050185372
1050223647
1050259217
1050313168
1050403721
1050416167
1050418996
1050436817
1050563064
1050625756
1050796404
1050880668
1050978284
1051031960
1051114092
1051212766
1051322933
1051686755
1051755049
1051777595
1051898535
1051956076
1051956979
1052000579
1052042714
1052108723
1052197204
1052255101
1052308919
1052669336
1052731460
1052878433
1052930589
1053074577
1053199398
1053432224
1053516830
1053591873
1053598216
1053793655
1053952804
1054016373
1054141060
1054482859
1054797409
1054888477
1055139746
1055336462
1055527157
1055902230
1056248171
1056285430
1056290909
1056672280
1056904398
1057177892
1057237289
1057461620
1057675920
1058347956
1058910992
1059275037
1059560106
1060103005
1060965073
1061123849
1061132071
1061197933
1061450441
1061575664
1061727485
1062101639
1062127735
1062383461
1062759959
1062949075
1064803101
1064962719
1065599144
1065966336
1066802105
1067229499
1067287820
1068252750
1068614678
1068978878
1069028486
1069765108
1070727397
1071610696
1071809383
1072320510
1073191946
1073624626
1073888654
1074529113
1076897663
1080236124
1081421939
1081870239
1082421168
1082921466
1086968590
1087738336
1088046531
1091165015
1092206068
1094881837
1096940700
1097885881
1102491804
1108956440
1108992347
1109005654
1109438365
1117532999
1117653473
1120380116
1132562437
1144389749
1146566913
1155473808
1163487776
1177201997
1190541370
1208327186
1208726319
1255339972
1265502596
1270395371
1273331360
1349927540