24427
28875
29510
31229
32502
34432
34735
36095
36718
38712
39291
40428
41311
41670
41779
42837
42875
43041
43559
45097
45836
46542
47050
47073
47264
47286
47680
47744
48437
48696
49721
50292
51454
51752
52244
52279
53097
53582
53799
53902
53920
54088
54772
55712
55899
55905
55985
56143
56217
56694
57589
57655
57720
58084
58424
58756
58803
59042
59144
59404
59592
61672
61865
62106
62985
63141
63704
64272
65912
67526
67946
68881
70454
70598
71393
71443
71760
74629
75573
75948
76553
76875
77796
78117
78445
78845
79510
80279
80418
80766
81283
82353
82770
82781
82990
83137
83255
84556
85496
85566
85602
86060
86945
87481
88111
89046
89347
90679
90840
91157
91500
93068
93388
93838
93955
94382
94603
95011
96002
96040
96068
96994
97567
98280
98952
99217
99240
99260
99350
99407
99569
100532
100755
100816
101048
101558
101919
102006
102868
103311
104481
104602
104605
104610
105240
105298
106125
106132
107137
107282
107573
108339
108941
109214
109521
109547
109763
110202
110353
110525
111052
111523
111577
111859
112349
112864
113192
113457
113655
114917
115809
117027
117729
118190
118236
118641
119214
119228
119877
119972
120169
120242
120318
120857
121271
122141
122413
122460
122489
122753
122992
123524
123566
124001
124189
124465
124505
124567
124570
125825
125890
125942
126215
128061
128531
128834
129014
129205
129361
129503
131475
132009
132393
133115
133389
133408
133908
134187
134546
135305
135347
136203
136454
136883
137825
138205
138625
138981
139217
139218
139538
140432
140748
140838
141508
142571
142880
143017
143082
143196
144434
144662
145433
145554
145804
145821
146224
146426
146485
146824
147170
147266
147452
147493
147908
148634
148769
149456
149586
149788
150027
150265
150277
150303
150724
151156
153564
153572
153644
154348
155035
155935
156308
158563
159329
159470
160004
160875
161212
161422
161542
161704
163274
165331
165905
166044
166882
168334
168451
168542
168613
170770
172332
172868
173256
174277
176396
178495
179459
179610
182152
184894
187182
188043
188093
188368
191517
193940
197418
199918
200165
200867
203325
205440
206485
212840
215290
215306
218015
218325
225843
232250
240137
242617
242782
244965
248176
248280
249650
250927
251962
253152
254178
255915
258572
258676
258686
261128
262161
263403
266941
280007
281933
282750
282841
285743
285848
287217
293667
296168
296698
308684
312400
321904
323454
338575
341116
342042
343341
356694
363069
396040
403537
427343
452754
469267
495250
516607
542076
542578
542621
547197
556667
800049
801205
801379
801533
801906
801960
801990
802008
802199
802287
802350
802424
802612
802708
802956
803088
803161
803247
803325
803374
803457
803512
803634
803738
803989
804010
804262
804283
804292
804317
804352
804373
804390
804430
804436
804460
804490
804542
804606
804646
804744
804782
804888
804911
804975
804983
804998
805052
805282
805328
805436
805510
805579
805691
805706
805712
805714
805722
805733
805772
805789
805799
805861
805900
805928
805951
805978
805981
806006
806080
806102
806212
806226
806254
806269
806337
806348
806419
806428
806476
806491
806526
806553
806572
806596
806629
806654
806695
806698
806709
806749
806751
806777
806791
806847
806853
806859
806918
806934
806962
806966
806967
807043
807045
807064
807074
807093
807130
807171
807189
807210
807217
807220
807272
807274
807290
807311
807316
807341
807344
807458
807459
807473
807490
807510
807554
807561
807595
807696
807714
807721
807751
807752
807758
807785
807805
807817
807860
807890
807900
807913
807915
807917
807931
807933
807943
807970
807999
808014
808015
808016
808022
808065
808075
808077
808082
808136
808139
808162
808178
808182
808201
808203
808243
808286
808364
808380
808417
808441
808461
808463
808482
808491
808494
808502
808512
808529
808576
808592
808600
808613
808625
808641
808653
808677
808697
808704
808729
808732
808757
808783
808807
808818
808822
808826
808854
808908
808939
808941
808963
808976
808982
808991
809003
809011
809024
809027
809054
809056
809065
809089
809096
809102
809116
809120
809128
809145
809197
809210
809230
809250
809262
809278
809280
809293
809294
809330
809353
809375
809377
809398
809437
809476
809505
809543
809595
809607
809609
809630
809750
809803
809853
809889
809898
809904
809905
809911
809930
809932
809958
809969
809976
810004
810009
810010
810039
810041
810043
810052
810085
810116
810122
810137
810152
810173
810187
810213
810217
810234
810252
810311
810361
810425
810435
810445
810452
810477
810498
810518
810526
810548
810552
810577
810591
810598
810628
810643
810667
810683
810691
810716
810745
810770
810800
810821
810876
810945
810948
810957
810972
810973
810980
810990
811008
811059
811078
811112
811119
811124
811145
811189
811197
811219
811220
811266
811271
811283
811305
811313
811348
811353
811452
811456
811475
811516
811519
811532
811540
811545
811562
811608
811643
811689
811713
811741
811747
811748
811785
811795
811808
811841
811875
811889
811918
811919
811922
811943
811959
811967
811976
812049
812057
812082
812090
812117
812120
812122
812228
812236
812275
812287
812296
812422
812454
812492
812527
812596
812610
812659
812667
812701
812705
812744
812755
812847
812848
812869
812871
812908
812914
812915
812928
812934
812935
812951
812958
812971
812984
813009
813011
813013
813081
813083
813113
813126
813147
813172
813177
813185
813286
813299
813348
813349
813417
813450
813451
813500
813516
813577
813644
813693
813714
813730
813734
813754
813795
813850
813907
813911
813942
813959
813983
813989
814037
814108
814188
814221
814244
814251
814283
814297
814326
814335
814342
814345
814379
814392
814466
814484
814486
814495
814498
814501
814514
814527
814612
814628
814647
814658
814679
814684
814699
814708
814737
814742
814763
814771
814775
814780
814789
814806
814825
814843
814881
814905
814917
814927
814940
814943
814949
814980
815032
815119
815168
815193
815247
815325
815329
815396
815419
815423
815448
815449
815450
815483
815497
815505
815509
815529
815554
815569
815570
815670
815674
815697
815705
815711
815751
815766
815790
815798
815826
815827
815843
815864
815867
815903
815926
815943
815949
815959
815974
815986
816004
816029
816063
816072
816074
816125
816134
816144
816157
816234
816271
816304
816340
816362
816366
816388
816427
816429
816434
816440
816480
816498
816536
816548
816580
816625
816665
816702
816720
816764
816782
816803
816889
816960
816971
817060
817071
817091
817112
817143
817150
817154
817169
817222
817245
817298
817316
817320
817331
817334
817350
817356
817376
817442
817461
817462
817472
817526
817534
817548
817550
817564
817569
817576
817581
817657
817680
817691
817697
817738
817746
817792
817804
817819
817825
817839
817870
817901
817907
817913
817969
817976
817992
817993
818035
818130
818182
818186
818238
818292
818321
818337
818352
818362
818414
818436
818438
818466
818478
818485
818516
818580
818583
818610
818622
818638
818712
818714
818727
818748
818772
818773
818896
818930
818960
818992
819005
819067
819101
819134
819159
819193
819215
819219
819255
819284
819291
819326
819330
819410
819500
819524
819536
819559
819619
819633
819645
819655
819678
819822
819835
819852
819951
819975
820056
820083
820144
820164
820181
820328
820376
820418
820483
820495
820681
820758
820818
820887
820903
821047
821064
821165
821240
821277
821279
821306
821363
821461
821547
821622
821654
821720
821742
821905
821938
821947
822285
822321
822336
822471
822497
822523
822614
822779
822837
822975
823153
823267
823332
823347
823540
823573
823827
823893
823935
823972
824107
824111
824254
824273
824332
824336
824367
824431
824940
824971
825347
825350
825449
825749
825792
825801
825808
825841
826042
826324
826386
826700
827175
827735
827773
828321
828327
828434
828483
828496
828667
828689
828811
828868
828976
829156
829377
829386
829504
829606
829711
829784
829860
829872
829972
830044
830558
830804
830907
831891
832162
832333
832415
832417
832899
832921
833354
833439
834000
834985
836247
838362
839681
842203
846218
846679
847034
848741
855317
856036
856129
857165
858472
860479
860788
868940
875125
875542
877244
879926
890497
891026
899926
902301
902316
902320
902324
902351
902352
902353
902357
902359
902397
902402
902403
902425
902460
902550
902628
903209
903267
903377
903423
903471
903726
903735
903742
903831
903843
903986
904274
904276
904326
904740
904779
904892
904954
904991
904997
905037
905040
905052
905142
905158
905218
905219
905239
905242
905243
905298
905335
905339
905340
905407
905433
905460
905513
905526
905561
905633
905668
905796
905819
905917
906018
906066
906251
906269
906290
906377
906483
906484
906485
906499
906558
906823
906992
907228
907573
907600
907697
907742
907744
907953
907990
908013
908037
908146
908166
908177
908214
908258
908277
908278
908371
908379
908463
908487
908529
908533
908534
908535
908537
908603
908702
908723
908739
908773
908774
908804
908806
908816
908831
908862
908952
909007
909008
909035
909036
909042
909107
909155
909201
909235
909240
909252
909271
909318
909349
909367
909374
909379
909393
909477
909478
909548
909549
909726
909809
909819
909829
909834
909836
909853
910015
910042
910090
910104
910205
910285
910306
910391
910401
910406
910408
910413
910446
910535
910548
910609
910632
910717
910750
910819
910829
910830
910836
911068
911075
911307
911316
911598
911756
911780
911942
912068
912105
912106
912181
912192
912195
912309
912317
912365
912413
912444
912510
912703
912704
912708
912763
912826
912852
912864
912876
912926
913052
913067
913073
913132
913786
913881
913882
913886
913890
913891
914116
914370
914543
915047
919643
924566
926838
932315
932807
932861
933121
933250
933318
933319
933556
935383
935541
935860
936028
936031
936153
936168
936408
936785
937492
939462
939699
942680
942732
942883
946174
946177
946313
118074272
129575132
140573562
165036608
175249442
303754631
319464846
344330055
442398895
565883073
581519998
721595680
759238041
835497339
1020257299
1050145590
1050206135
1050413944
1050496206
1051313706
1051643920
1051890373
1051920571
1052290937
1053563856
1055052133
1055491165
1055738183
1056014752
1056119318
1056561841
1058174678
1058841949
1058881154
1060484465
1060570389
1061030026
1061430315
1061501467
1062512192
1065618685
1066481166
1071635070
1074160161
1078099767
1083604933
1085548045
1110706007
1177500143
1310068700
1323625268
1387178136
1471062202