14428
26455
28633
30930
54011
54246
219189
234867
234890
258819
291345
327169
339863
353032
358032
364582
392714
441056
470711
517501
517847
518937
518938
811623
814353
815064
816113
816323
816439
816644
817047
817089
817096
817218
817261
817453
817565
817670
817684
817974
818085
818370
818961
818987
819089
819387
819656
820146
820174
820191
820271
820323
820434
820943
821058
821201
821236
821311
821729
821754
821882
821892
822728
822772
823205
823262
823598
823869
824034
824830
825184
826503
827502
827678
827683
828126
828718
829341
829714
830025
830295
830333
830766
831621
839612
842254
842520
848264
848955
849272
861290
864655
869499
873387
903450
908745
935007
936341
936524
936713
946767
952874
954670
954981
955135
955284
956305
956310
956323
956328
105856729
106822444
107629970
118002941
199328457
317157307
353379798
711866623
761298433
776770294
981789985
1050542828
1052043704
1053174360
1111554233
1137406009