13491
15695
21105
22603
23209
33339
36812
40206
42028
44816
50059
54104
55883
58532
59198
60056
60774
61311
64399
64607
69544
71254
71330
72047
72059
73646
75730
76330
76789
77868
78240
81228
81442
81741
84693
85089
85806
86931
87710
88607
91221
91302
91673
92440
92777
92929
93290
93294
94281
94367
94719
94995
95057
95462
95900
97180
100359
101032
101087
102277
104118
105964
107241
107589
107860
108049
108436
108865
109574
110249
110253
110937
111660
111872
112469
114239
114858
115666
116066
117577
117741
120303
122806
123191
123771
125111
125405
128051
128129
129171
129802
130228
130347
130693
132583
136183
136276
137497
138437
139178
140015
140619
140790
140851
141234
141663
142827
144334
144990
146047
146756
146880
149384
151220
151556
152400
152432
154359
154544
156079
156512
157030
157131
157398
158200
158537
158610
159466
159772
159854
160012
160114
160435
160450
160475
161040
161485
162704
162773
163001
163239
163395
163469
163597
164437
166190
166316
166816
167313
167663
168492
169896
170350
170643
170947
171047
173010
173462
175078
175572
176139
177187
178033
178321
178913
179773
180314
180415
181374
182830
183009
183061
183084
187492
187776
189067
190769
192172
194138
194906
199196
199308
200001
201075
202063
202888
203234
204726
208885
209155
209688
210344
211648
215556
219573
220941
223836
232730
236475
246432
253648
256844
261048
261450
262567
270082
272263
284701
303314
305187
312102
317616
362381
374701
375038
426555
451940
457929
511882
511883
512486
512551
512552
512913
512914
513646
513647
514188
514546
514547
514548
515545
515547
515650
516216
516217
516218
516644
516654
517255
517256
517257
517889
517916
518112
518542
518862
520887
522746
522752
522753
522754
522755
522756
522757
522761
522762
522841
526151
529229
531237
533618
534361
534896
538117
545085
549024
550065
556797
557092
557646
557937
561653
803887
803913
804476
804834
804864
805646
805659
806127
806194
806323
806585
806645
806784
806856
807019
807168
807234
807285
807472
807634
807656
807690
807918
807958
807990
808071
808222
808278
808369
808379
808403
808523
808524
808675
808695
808700
808812
808825
808897
808968
809109
809134
809149
809227
809296
809352
809364
809482
809483
809517
809521
809534
809671
809711
809770
809798
809833
809861
809899
809934
809953
809992
809996
810049
810082
810164
810380
810393
810406
810461
810484
810505
810534
810549
810550
810563
810606
810621
810811
810822
810846
810924
810958
810964
810965
810971
811014
811027
811089
811101
811117
811120
811191
811200
811240
811274
811276
811372
811442
811476
811515
811535
811542
811551
811595
811597
811599
811604
811621
811635
811641
811655
811743
811772
811778
811779
811797
811807
811810
811815
811820
811821
811864
811866
811874
811883
811890
811921
811930
811941
811957
811977
811981
811984
811989
812001
812002
812011
812052
812062
812075
812092
812096
812114
812132
812149
812159
812169
812185
812210
812216
812217
812222
812233
812257
812321
812342
812374
812382
812388
812399
812432
812433
812438
812439
812447
812473
812475
812485
812487
812497
812502
812504
812517
812520
812521
812551
812560
812571
812588
812601
812617
812636
812653
812656
812661
812671
812684
812687
812696
812703
812713
812719
812725
812735
812736
812739
812760
812761
812778
812781
812788
812801
812805
812809
812828
812833
812836
812846
812865
812879
812891
812893
812898
812919
812933
812948
812973
812974
812976
812997
813000
813016
813052
813056
813060
813068
813078
813094
813097
813154
813158
813160
813197
813226
813227
813235
813256
813265
813296
813331
813335
813359
813386
813393
813396
813397
813402
813419
813426
813431
813438
813447
813461
813468
813471
813476
813486
813487
813493
813503
813517
813526
813541
813562
813567
813569
813573
813585
813599
813604
813607
813611
813618
813623
813636
813646
813649
813656
813662
813668
813670
813692
813700
813704
813711
813718
813732
813764
813771
813785
813825
813834
813839
813863
813897
813912
813913
813915
813962
813963
813977
813985
813992
813996
814019
814020
814024
814026
814029
814030
814048
814055
814088
814094
814099
814125
814126
814134
814139
814149
814159
814161
814189
814190
814197
814214
814246
814268
814273
814274
814280
814285
814292
814302
814304
814313
814317
814332
814336
814362
814407
814420
814437
814440
814464
814479
814492
814496
814525
814544
814546
814547
814557
814558
814571
814582
814586
814599
814600
814605
814610
814639
814669
814670
814695
814710
814736
814749
814750
814778
814792
814793
814847
814864
814879
814882
814888
814891
814904
814906
814914
814922
814944
814968
814991
815011
815071
815080
815091
815099
815103
815109
815110
815125
815131
815145
815152
815154
815155
815156
815158
815181
815188
815235
815236
815260
815267
815367
815371
815377
815404
815410
815466
815519
815531
815551
815561
815566
815578
815586
815589
815598
815614
815635
815646
815689
815728
815748
815749
815753
815761
815772
815791
815792
815801
815832
815850
815868
815872
815877
815882
815889
815901
815927
815930
815931
815934
815942
815944
815955
815960
815989
815996
815998
816008
816019
816077
816083
816085
816106
816109
816110
816117
816118
816133
816142
816151
816163
816181
816214
816240
816250
816254
816255
816272
816273
816279
816285
816287
816329
816365
816377
816380
816382
816393
816396
816399
816421
816423
816426
816447
816452
816471
816485
816494
816500
816503
816507
816511
816522
816566
816574
816578
816589
816593
816604
816626
816643
816650
816652
816684
816710
816714
816716
816721
816733
816735
816754
816759
816760
816778
816779
816788
816809
816820
816834
816838
816844
816854
816869
816872
816890
816897
816900
816907
816917
816920
816927
816950
816954
816963
816968
816972
816973
816986
816987
816993
817007
817018
817023
817025
817031
817033
817034
817038
817048
817056
817057
817068
817076
817078
817098
817100
817117
817118
817126
817128
817159
817173
817186
817200
817202
817238
817239
817251
817273
817287
817292
817310
817311
817352
817358
817368
817373
817378
817384
817388
817396
817399
817404
817405
817412
817417
817418
817425
817428
817432
817436
817447
817455
817491
817496
817497
817498
817503
817507
817510
817513
817517
817521
817532
817533
817549
817566
817570
817572
817580
817594
817612
817615
817634
817644
817656
817660
817666
817671
817673
817677
817678
817686
817687
817710
817713
817742
817743
817773
817777
817783
817812
817828
817841
817847
817849
817852
817853
817855
817861
817873
817882
817888
817902
817915
817934
817935
817947
817949
817956
817970
817988
817989
818011
818031
818045
818056
818068
818076
818080
818082
818102
818139
818142
818149
818156
818172
818184
818185
818187
818197
818201
818205
818208
818210
818211
818221
818231
818240
818266
818309
818347
818354
818355
818361
818376
818378
818384
818385
818412
818415
818440
818475
818523
818560
818567
818572
818573
818574
818575
818603
818607
818636
818649
818677
818687
818740
818782
818800
818827
818830
818835
818867
818870
818878
818934
818937
818951
819004
819025
819029
819031
819039
819061
819090
819165
819177
819182
819243
819263
819308
819311
819316
819334
819335
819347
819356
819357
819359
819414
819439
819456
819457
819466
819498
819537
819568
819573
819576
819594
819622
819624
819642
819719
819769
819781
819802
819815
819944
819949
819995
820024
820030
820081
820115
820120
820124
820185
820215
820222
820226
820291
820371
820407
820416
820449
820487
820489
820526
820545
820620
820694
820705
820707
820767
820780
820809
820827
820870
820877
820921
820949
821000
821004
821029
821037
821050
821083
821097
821121
821138
821238
821271
821300
821308
821365
821418
821469
821580
821588
821664
821708
821744
821748
821760
821805
821817
821869
822157
822246
822264
822324
822361
822362
822372
822403
822551
822777
822784
822812
822832
822976
823027
823088
823116
823278
823361
823399
823555
823728
823949
824258
824556
824616
824710
824848
824864
824934
825098
825175
825411
825461
825524
825555
825839
826233
826307
826374
826507
826550
826578
827154
827243
827354
827446
827465
828090
828585
828620
828914
829017
829120
829590
829673
830051
830384
830692
831584
832048
832650
832667
833974
834279
834294
834651
834739
834861
836197
837848
838808
839186
839214
839490
839907
842385
843507
843529
843622
844312
844397
844446
844522
844934
845424
846026
846186
847564
850165
850230
850668
853982
856983
858698
861448
863213
863321
863752
864071
868112
869072
876858
877104
881126
881519
881673
885131
890169
894474
901926
902216
902898
903102
903151
903475
903476
903737
903793
904083
904724
904776
904777
904824
905265
905549
905725
906067
906068
906069
906212
906328
906473
906507
906508
906509
906510
906511
906527
906619
906825
907867
908364
908459
908614
908743
908747
908944
909025
909026
909028
909179
909251
909387
909436
909437
909438
909562
909563
909640
909642
909803
909804
910233
910635
910809
910826
911139
911140
911291
911311
911312
911351
911422
911569
911630
911631
911656
911707
911797
911912
912149
912197
912208
912279
912360
912374
912379
912626
912749
912794
912816
912917
912924
912927
913195
913245
914268
914315
914324
914449
914499
914748
914989
915044
915216
916953
917499
917934
918869
919429
923024
923713
933097
933183
933317
935121
936595
941022
942168
943302
944448
957530
104018476
104287023
120770012
129424482
139536760
140334446
144295263
147619274
155143464
158893964
174444965
208587231
213650853
214700177
245892505
274780241
285495498
304136793
324178811
338530985
349137284
372711713
380771816
388541892
388968038
418840426
421193662
422510463
427340616
433166791
456631823
456838775
466363045
475202322
491986845
551057545
553738738
581710868
602736959
633272971
641453735
646393090
684077918
723961295
766547228
772366874
777730219
786482749
792429427
816904261
821826349
824721257
850920533
884238775
885642755
911389008
912111327
919015263
934523007
947005552
1026733570
1050190015
1050291528
1050291683
1050515057
1050731280
1050786848
1051642277
1051853325
1053078286
1053251763
1053260129
1053658959
1053771480
1054086974
1054652803
1056780575
1057442452
1058082355
1058211932
1058243944
1059523511
1059968252
1060266212
1060436908
1061606088
1063126793
1064653834
1064786432
1066208706
1066271676
1066525578
1077651596
1079026313
1080143470
1082561516
1088357292
1089092673
1101500902
1110657871
1115836524
1135668368
1152491502
1155010907
1210579126
1338931584