10438
13670
14742
14844
15333
16270
17347
17362
20553
22354
23690
25108
25582
26144
26519
27139
29561
31055
32719
32912
33970
34388
34843
35051
35332
35351
36948
36952
38160
38419
38727
38936
39549
41796
42121
42619
45882
46025
46071
46278
46440
47261
47851
48612
49096
49513
50044
50566
51029
53068
53338
53919
54078
55745
55759
56087
56693
58081
58494
58828
59128
60335
60534
61729
62434
62868
63593
64293
64924
65015
65073
65100
65469
65635
66118
66302
66710
67186
68291
68405
68750
69179
69797
70482
70705
71352
71357
71593
71984
72348
73005
73992
74384
74834
75373
75970
76378
76843
77185
77273
77370
77595
77839
77969
79237
79498
79513
79515
79679
79855
80492
80565
81376
81744
81912
81935
82178
82361
82928
83113
83648
83741
83902
83922
84153
84184
84707
85753
85904
85952
86133
86166
86281
87594
87778
88758
89002
89017
89103
90773
90933
91617
92035
92045
92767
92768
93000
93165
93383
94723
95144
95994
96418
96958
97025
97027
97354
97950
98212
98485
98583
98638
99200
99367
100328
100487
101240
101279
101318
101548
101797
102452
102834
104113
106451
106702
106770
106814
107672
107847
108254
108298
108358
108629
108890
109189
109201
110463
111272
111277
111319
111529
111571
111572
111673
112105
112427
112824
113345
113887
114110
114598
115392
116906
117698
117756
117869
117918
118191
119378
119531
119998
120430
120703
120737
121251
121617
121953
122731
122957
123650
123879
124447
125944
126081
126498
126511
126654
126689
126859
127912
128571
128729
128819
129290
129700
129766
130622
131757
133527
133748
133815
134177
135155
137011
137016
137431
137781
138403
140034
140184
140357
141266
141363
141560
142239
142423
142804
142818
143049
143534
144112
144177
144442
144457
144982
145000
145198
145295
145315
146314
146837
147029
148451
148808
149854
149913
150421
150635
151525
151582
152829
153079
153428
153859
154152
154791
155674
155912
156256
156396
156929
157219
157687
157870
158361
158576
158715
159517
161154
162166
162684
163433
163451
163625
164148
164686
166035
167276
167477
168034
168131
168278
168652
168985
169407
169936
170014
170326
171008
172753
173087
174217
175014
176004
176912
177248
179637
179657
180061
180910
181666
181692
182904
183149
183993
184563
184586
184643
186323
188780
189057
189426
189703
189997
190501
190894
190983
191539
192450
192612
193450
193699
194055
194348
195446
195910
196804
199395
199738
200259
200535
202814
203208
203822
205384
205974
206889
207190
207348
207504
207663
208200
208515
208719
208737
208968
209326
209503
210111
210251
210253
210305
210416
210476
210632
210817
210915
211020
211092
211409
211443
212198
212552
212640
212863
212910
212922
213138
213211
213338
213893
213985
214264
214285
214292
214463
214478
214767
215032
215110
215151
215573
215643
216573
217036
217750
217851
218203
218270
218513
218716
218719
218888
219079
219374
219501
220166
220170
220305
220334
220523
220580
220685
220799
221163
221349
221428
221504
221715
221778
221779
221788
222144
222415
223296
223575
223714
223861
223943
224058
224061
224225
224261
224404
224633
225563
225619
225878
226075
226280
226587
226965
227023
227275
227318
227655
227896
228003
228237
228252
228329
228534
228930
229032
229401
229434
229440
229545
229891
230007
230757
230852
230996
231188
231409
231544
231648
231826
231925
231936
232031
232569
232742
232880
232995
232997
233045
233166
233170
233513
233717
234075
234346
234380
234547
235133
235206
235397
235763
235830
236166
236601
236733
237207
237273
237468
237833
238266
238279
238358
238803
238917
238938
240429
240644
240648
241016
241065
241227
241273
241662
241942
242202
242352
242463
242623
242842
242879
243283
243520
243860
244217
244467
244560
244621
244634
244762
244900
244983
245258
245627
246089
246484
246573
246760
246970
247028
247188
247499
247571
247785
248139
248488
248702
249230
249245
249306
249354
249396
249601
249680
249687
249814
249842
250870
252053
252264
252308
252582
252889
253245
253651
253695
255012
255240
255531
255563
255964
256027
256417
256521
256582
256622
257403
258029
258330
258426
258443
258520
259289
259341
259400
259513
260581
260788
261211
262241
262589
262699
262853
263156
263269
263271
263492
263985
264429
264992
265416
265662
265858
266262
266317
266558
266608
267316
267387
268100
268222
268255
268351
269127
269518
270485
270708
270753
271182
271710
271825
272307
272440
272912
273370
274047
274117
274169
274188
275075
275117
275384
275782
276003
276101
276272
276361
276829
276969
277445
277619
277683
277760
277939
278464
278749
278866
278901
278936
279099
279391
279816
280127
280153
280166
280704
281017
281057
281216
281600
281806
281999
282176
283013
283181
283507
283806
283955
284053
284978
285013
285042
285376
285841
285970
286544
287167
288123
289180
289340
290332
290991
291144
291322
291562
292241
293061
293125
293507
293891
295346
295431
295892
296982
297045
297206
297837
297903
297936
298220
299083
300061
300535
301023
301305
301457
301695
301867
302324
302428
302730
302835
302898
303057
303718
303968
304167
304209
304399
304920
305247
305417
306607
306737
306761
306786
307175
307879
308087
308970
308997
309593
310422
311901
312163
312492
312644
313734
313934
315326
315481
316058
317278
317373
317536
318381
318584
319020
319505
320555
320577
320580
320740
321241
321272
321323
321479
322016
322206
322947
323901
324453
324531
324669
325276
325391
325429
325964
325980
326200
326920
327202
327308
327435
328287
330394
330716
330724
330932
331053
331081
331154
331280
331723
331877
332877
333565
333642
334545
334819
335157
335272
335573
336332
336713
337014
337148
337404
338000
339942
341503
341661
342366
342387
342483
343346
343506
343755
344177
344390
345335
345432
346129
346370
346744
347539
349529
349902
350152
350515
350750
351048
352317
353353
354071
354677
354742
355731
356908
357720
358475
359031
360461
360579
361313
361588
363027
363186
363793
363855
364355
364854
365331
366428
366437
366857
367218
367820
370141
370273
370737
373094
374817
376040
376328
377049
377359
377394
377495
377738
378122
378732
379434
381870
382609
383609
384438
384458
385675
386979
386994
387347
387932
387990
390116
390191
390318
391272
391478
391643
391801
392311
393018
393736
393956
394013
394318
395056
396745
397089
397384
397749
398462
398485
398709
398883
400937
401592
401779
402329
402408
403040
403791
404484
406120
406920
407092
407325
407578
407821
407942
408508
409246
410443
412938
413003
413665
415959
416552
416560
416613
417289
417419
418026
418586
420561
420665
420901
421257
422467
422595
422978
423427
423550
423565
425614
426515
426803
427762
428438
428785
428880
429535
429544
430178
430460
430497
430903
430916
432109
432605
433054
433400
433407
433834
435333
435445
438007
439338
441077
441179
441612
442247
445535
446276
447008
447631
447790
448449
449363
449384
449501
450263
453447
455598
457710
458673
458737
462482
463048
464153
466602
466614
468050
468519
469045
469858
470623
471743
471787
472022
473437
475289
478230
479115
480695
481327
482280
483594
487107
487414
490282
491190
491302
491923
494022
494761
495313
496138
496528
499381
512226
512237
512238
512239
512511
512512
512629
512630
512631
512632
512689
512975
513113
513223
513285
513287
513686
513687
513688
514024
514083
514084
514568
515363
515380
515512
515513
515514
515723
515724
516332
516499
516604
516605
516606
516907
517276
517356
517428
518089
518626
518627
518887
518936
519174
519307
519458
519690
519875
520130
520131
520132
520133
520134
520189
520630
520657
520659
520660
521443
521628
522304
522305
522306
522842
524140
524903
526065
526066
529072
529073
529105
530461
530462
530572
530838
530841
530842
531019
531021
531712
532627
533407
533713
533959
533996
534097
534098
534437
535510
535512
535965
536217
536218
536485
536486
536487
536998
539074
539978
541403
543020
545973
545974
547920
549014
550223
552035
552400
552568
553896
554017
554335
554336
555290
555300
555301
555740
556071
556073
556078
556079
556393
556756
557828
559386
559555
560242
560567
561160
562165
562509
562806
562811
564193
565848
565953
567846
568032
569803
574283
581518
900949
900950
901041
901042
901811
902338
902808
908793
909498
910138
917920
917956
918039
918248
918547
918773
918972
919061
919720
919830
920330
920914
921745
921808
922113
922277
922950
923092
923154
923446
923453
923831
924040
924606
926363
928361
928855
928916
929247
929401
929909
929968
930160
930236
930621
930758
930760
931570
932780
934247
934425
934617
939791
941989
942291
943174
943463
944585
944698
944699
944907
946555
946711
946727
946733
946742
953404
953758
954303
954304
957696
102179444
102317176
102456926
102730610
102829180
102863178
103514419
104124131
104465393
104545248
106954767
107124542
107511965
107950049
107969133
107990701
108845011
110403310
111451471
111856637
111917959
112413882
112819175
114017328
117445682
117934614
118359732
121230154
122060890
123414448
124407427
124830442
125446087
126095791
127009963
127773554
127863962
127876221
130272750
131817457
133706517
133806888
134306458
136185205
137801097
138093763
139120582
139392329
139925399
140328989
142847993
143099582
143552024
144349898
145088940
146290481
147667916
148429607
148877645
149899714
150910063
152265360
155319080
156149822
156608300
156809894
159365483
161158793
161826979
165307335
166331476
169418449
170873459
171728771
171730006
176066484
177312535
181175800
182055376
182225468
182763658
186393098
187467801
189216879
190913874
190960183
191222213
195470070
195871166
196841478
197061019
203988386
205095020
206174566
208549821
209837831
211937357
213702302
213774193
213784262
213981659
219898701
222873418
225531498
226996233
229159256
235503501
235833925
237046948
237125523
238817349
240451025
240968228
241120188
250448176
251085475
253852731
255662732
256954764
257580215
257944214
261053804
263851661
264483828
265620368
267864463
273974394
276340622
277683291
281132698
282917265
285504310
286384065
289189116
289728837
293147307
294476068
296920599
297907170
302716317
306162696
308077970
309493783
311389836
313049550
315136169
315327503
316798582
317492635
317827504
318054614
318863006
321434386
323027797
324538419
324769133
325721459
327126875
327128397
331344108
339608709
341173407
344928887
345369828
346302680
346356281
347648851
348644043
348727044
348970414
353565022
360761964
362462060
363261702
367193015
369423058
373925118
378614061
381438645
385740173
387136270
389008491
389697874
396012065
397456831
399935690
401966116
406256891
406395019
407382048
411645324
417447355
419654997
428888752
432633950
433689529
434969835
435223099
435728966
443987517
444042647
445096818
447459625
450901253
450982851
451816436
454027165
456038741
462466215
467266335
467856331
467996711
469098413
469404806
476933963
480555286
480601747
482981517
484909121
489156488
490901755
491318618
492683804
493774068
495608985
495695380
500347964
509196674
511044322
513817019
514281417
517198929
521394974
523980024
528648152
529492084
530670621
531153949
534051638
534464626
538006820
538594156
545702226
545758258
546021013
549598910
550485938
553227783
554803957
554861230
560185837
562562374
566085128
567887507
570638945
572394633
572507724
573860058
579599548
581219364
588988993
591826527
593749891
595981074
599670920
604542768
606196441
608346676
610917351
616359945
617261572
617505194
620383895
627794952
628764882
631555080
631755192
631826146
632847201
634015490
634536612
634745126
635361007
635767367
637495444
638201279
639100334
639242246
640220032
647109191
648663099
650169251
655263575
656864259
658545570
662431464
665341618
667166374
667666105
675422459
676072635
684296256
685660517
686056145
686335472
688790200
692373758
692859019
694421624
695941051
696345470
696659928
697054462
697417999
698835546
699535376
701436290
702682768
710268570
711179276
713207029
719581118
721209677
724236497
724444081
727132040
727839014
732273595
735726559
743521261
745668454
750369552
758504623
758650542
761372278
762295104
767079370
767138051
769661594
769920792
777358703
785169039
785980083
786417043
786800673
789003564
791272384
791786086
792864299
793491999
793720445
794490506
798773698
801058076
804697244
812109902
812830130
818095421
819988239
820624394
821484380
821578166
824158953
824754191
827600769
827993838
828816343
835154280
835949054
836685304
837029745
837235731
837585830
839090650
840000381
841588314
842715518
844532042
845011371
845480536
846255116
846271510
849226085
850213452
852693854
856796036
859985596
861386036
863522732
865571062
865642428
866990190
871118340
872719710
875638914
876147332
877030517
879530032
881168020
881191049
889139056
893816063
896481080
897664547
898227417
899884652
906350022
908412467
910534796
911172847
912272687
912460631
915735852
917247917
920310070
923862580
925945873
933869224
935355047
939224751
944434730
947811889
949337522
952273252
954628512
957067257
958880288
960479612
963561242
967170040
968216254
969739619
972803028
973999354
974267957
974975887
975394666
975904445
979869775
984521165
985068924
986835763
987117568
987123564
992060213
992100189
993248402
994082949
999210425
1000260234
1000554901
1000627293
1001037799
1002084228
1002303695
1002474206
1002521225
1003017246
1003164788
1003173964
1004101664
1004255645
1004482257
1004833528
1005073791
1005078239
1005637643
1006207930
1008492051
1012105812
1015296890
1016283673
1017704104
1018025506
1018968504
1018999243
1019704838
1021259500
1022940006
1023184841
1026119421
1026240572
1028199187
1031075564
1031549774
1031599585
1033806156
1033829268
1034904746
1037284613
1039063503