801756
802409
802759
802939
803150
803525
803555
803626
803739
803761
803882
803964
804104
804120
804142
804151
804216
804256
804263
804287
804361
804447
804486
804498
804506
804596
804614
804694
804718
804816
804852
805050
805080
805181
805200
805327
805509
805531
805552
805554
805687
805695
805718
805765
805783
805864
805939
805944
805950
806000
806053
806142
806202
806211
806332
806336
806405
806452
806482
806488
806595
806634
806637
806696
806697
806721
806742
806745
806750
806766
806786
806800
806841
806863
806916
806920
806921
806933
807052
807098
807110
807178
807206
807215
807235
807305
807329
807335
807356
807367
807373
807380
807402
807446
807447
807481
807482
807551
807602
807651
807664
807667
807669
807687
807736
807737
807744
807746
807748
807754
807765
807779
807790
807806
807850
807912
807930
807932
807971
807986
807991
807995
808035
808050
808056
808083
808107
808123
808127
808138
808145
808151
808172
808175
808196
808211
808225
808244
808258
808273
808275
808279
808285
808321
808327
808340
808343
808365
808367
808381
808405
808432
808446
808468
808490
808495
808535
808537
808544
808555
808563
808565
808588
808589
808591
808594
808604
808627
808633
808646
808666
808668
808678
808724
808734
808745
808748
808754
808772
808796
808808
808809
808817
808828
808871
808913
808917
808921
808936
808946
808954
808970
808998
808999
809010
809018
809023
809026
809032
809086
809099
809107
809176
809208
809224
809228
809247
809252
809258
809269
809271
809321
809354
809357
809380
809382
809383
809408
809412
809413
809426
809453
809462
809468
809488
809490
809498
809501
809511
809514
809519
809530
809535
809583
809587
809592
809600
809602
809614
809617
809623
809627
809632
809633
809639
809645
809648
809651
809653
809664
809667
809674
809679
809682
809687
809694
809726
809728
809745
809763
809768
809773
809795
809797
809801
809823
809825
809837
809839
809842
809859
809864
809870
809880
809888
809895
809896
809908
809924
809941
809951
809967
809970
809971
809987
809994
809995
810014
810030
810040
810050
810078
810089
810100
810102
810111
810113
810123
810129
810139
810142
810168
810171
810179
810180
810219
810232
810235
810236
810243
810261
810269
810274
810360
810366
810389
810394
810401
810426
810428
810439
810456
810483
810488
810490
810491
810503
810504
810516
810519
810533
810536
810554
810564
810567
810576
810582
810585
810590
810594
810616
810645
810648
810660
810663
810708
810713
810733
810738
810741
810754
810760
810765
810771
810775
810780
810781
810790
810808
810814
810823
810831
810836
810843
810874
810901
810908
810914
810919
810921
810923
810946
811005
811012
811030
811041
811051
811056
811057
811058
811069
811074
811087
811090
811105
811106
811107
811118
811123
811143
811165
811167
811169
811182
811195
811217
811222
811227
811237
811243
811249
811254
811258
811262
811286
811296
811303
811306
811312
811318
811325
811331
811334
811335
811355
811359
811367
811368
811373
811389
811435
811440
811463
811464
811474
811479
811486
811488
811493
811497
811538
811541
811565
811575
811577
811585
811586
811588
811596
811601
811610
811627
811644
811668
811672
811683
811688
811692
811699
811724
811728
811729
811732
811737
811739
811746
811768
811769
811770
811771
811789
811790
811801
811824
811840
811855
811862
811877
811885
811900
811913
811915
811931
811948
812003
812007
812010
812037
812041
812043
812046
812055
812058
812059
812061
812067
812073
812074
812080
812095
812105
812108
812110
812118
812121
812127
812140
812146
812157
812177
812226
812227
812231
812239
812243
812244
812246
812247
812253
812254
812260
812277
812278
812286
812299
812300
812301
812302
812315
812331
812345
812346
812348
812349
812356
812364
812366
812375
812378
812380
812383
812386
812387
812390
812406
812411
812417
812419
812423
812426
812427
812431
812437
812442
812449
812450
812455
812457
812471
812488
812491
812506
812509
812523
812529
812534
812536
812543
812549
812552
812561
812566
812569
812572
812578
812579
812583
812584
812589
812590
812605
812623
812627
812630
812635
812640
812642
812643
812657
812658
812662
812664
812670
812675
812676
812680
812683
812689
812691
812694
812697
812707
812722
812727
812729
812741
812742
812763
812772
812776
812782
812784
812791
812802
812806
812810
812812
812817
812834
812845
812857
812859
812860
812862
812866
812888
812892
812896
812897
812904
812905
812913
812917
812921
812922
812923
812947
812955
812966
812970
812980
812990
812991
812992
812994
812995
812999
813010
813014
813017
813023
813033
813037
813040
813045
813048
813050
813051
813053
813054
813055
813059
813061
813074
813082
813086
813092
813095
813099
813101
813105
813107
813109
813117
813121
813122
813129
813135
813144
813145
813152
813161
813166
813168
813176
813178
813180
813182
813187
813195
813196
813203
813210
813215
813225
813228
813230
813233
813234
813242
813244
813254
813260
813279
813284
813285
813293
813297
813298
813300
813319
813321
813327
813329
813337
813339
813340
813341
813351
813354
813361
813370
813373
813376
813379
813381
813383
813387
813398
813400
813401
813407
813412
813415
813420
813421
813437
813446
813448
813454
813459
813477
813478
813479
813492
813501
813504
813508
813509
813510
813512
813513
813514
813519
813521
813527
813529
813532
813534
813537
813545
813548
813549
813551
813554
813558
813563
813570
813572
813574
813579
813581
813582
813590
813591
813592
813597
813600
813601
813609
813622
813624
813627
813630
813631
813640
813652
813653
813657
813663
813667
813672
813679
813701
813707
813708
813710
813713
813715
813716
813719
813720
813729
813731
813743
813752
813753
813756
813759
813762
813776
813781
813789
813793
813794
813797
813801
813802
813805
813806
813810
813811
813812
813813
813815
813827
813828
813830
813831
813837
813838
813840
813847
813848
813853
813855
813859
813865
813882
813885
813889
813895
813901
813908
813909
813918
813919
813921
813924
813933
813934
813935
813939
813940
813941
813946
813952
813961
813967
813968
813969
813972
813975
813976
813984
813995
813997
813999
814001
814002
814003
814011
814012
814013
814014
814015
814016
814017
814028
814044
814045
814047
814049
814051
814054
814057
814070
814071
814074
814077
814083
814095
814096
814097
814098
814101
814116
814118
814123
814129
814135
814141
814146
814147
814148
814150
814153
814154
814157
814160
814172
814180
814185
814187
814191
814193
814194
814196
814198
814202
814204
814215
814216
814226
814230
814236
814237
814241
814242
814245
814248
814249
814253
814256
814257
814259
814266
814275
814279
814282
814286
814289
814293
814296
814300
814301
814303
814307
814308
814311
814315
814316
814319
814320
814322
814324
814331
814343
814344
814349
814350
814354
814358
814361
814363
814370
814375
814383
814386
814390
814397
814398
814400
814405
814409
814415
814416
814417
814418
814423
814425
814429
814439
814443
814447
814449
814452
814458
814467
814472
814476
814481
814485
814493
814494
814497
814503
814509
814511
814512
814513
814517
814518
814519
814520
814524
814528
814533
814536
814537
814548
814563
814573
814577
814578
814580
814593
814601
814603
814609
814613
814615
814617
814620
814621
814623
814624
814627
814635
814642
814644
814648
814650
814651
814653
814654
814657
814659
814662
814666
814668
814671
814674
814678
814681
814682
814687
814697
814701
814704
814706
814715
814716
814726
814727
814728
814732
814743
814745
814754
814756
814757
814759
814760
814762
814767
814768
814770
814772
814776
814796
814797
814798
814799
814800
814801
814813
814822
814826
814829
814832
814839
814851
814856
814857
814858
814860
814862
814863
814866
814868
814871
814876
814877
814878
814880
814883
814885
814893
814896
814897
814898
814899
814900
814908
814911
814912
814924
814929
814930
814934
814937
814947
814948
814950
814955
814960
814961
814962
814964
814970
814971
814976
814977
814978
814986
814992
814993
814995
814996
814997
815004
815006
815013
815014
815015
815017
815020
815023
815024
815026
815027
815028
815030
815034
815037
815049
815052
815055
815062
815077
815082
815090
815092
815098
815106
815111
815120
815124
815137
815143
815144
815147
815148
815150
815153
815166
815169
815170
815173
815175
815176
815177
815186
815189
815191
815194
815195
815196
815197
815200
815202
815210
815212
815213
815217
815218
815221
815222
815233
815237
815244
815248
815250
815254
815259
815263
815266
815273
815275
815277
815279
815282
815287
815289
815295
815298
815300
815301
815319
815320
815324
815340
815346
815351
815352
815354
815356
815361
815365
815368
815369
815379
815380
815381
815382
815386
815393
815402
815408
815413
815416
815424
815431
815434
815438
815441
815446
815452
815453
815459
815460
815461
815467
815482
815488
815502
815512
815526
815530
815532
815533
815534
815536
815537
815538
815541
815544
815545
815549
815550
815559
815563
815567
815572
815579
815583
815604
815611
815615
815618
815623
815627
815629
815631
815634
815638
815642
815644
815647
815652
815659
815665
815675
815676
815677
815679
815703
815704
815709
815710
815712
815715
815717
815723
815724
815725
815726
815729
815733
815735
815736
815737
815738
815739
815740
815750
815755
815762
815764
815765
815770
815771
815775
815779
815789
815793
815796
815799
815805
815807
815808
815810
815814
815815
815816
815820
815822
815825
815830
815837
815842
815844
815853
815865
815866
815870
815871
815874
815883
815888
815890
815891
815892
815902
815904
815905
815914
815917
815918
815920
815925
815937
815939
815947
815950
815963
815967
815968
815971
815973
815978
815980
815984
815988
815992
815994
816001
816016
816031
816032
816034
816040
816044
816047
816049
816052
816053
816056
816065
816066
816073
816075
816080
816082
816086
816089
816091
816092
816096
816097
816102
816105
816107
816108
816111
816114
816116
816127
816131
816135
816158
816168
816169
816176
816185
816197
816204
816205
816210
816217
816218
816224
816244
816245
816249
816259
816261
816267
816268
816275
816282
816283
816289
816294
816295
816300
816303
816307
816309
816312
816320
816331
816333
816336
816338
816348
816355
816357
816373
816378
816379
816387
816390
816407
816410
816414
816417
816428
816432
816454
816456
816473
816478
816486
816488
816495
816496
816508
816509
816515
816525
816526
816528
816529
816532
816542
816546
816558
816567
816573
816581
816586
816614
816615
816616
816618
816622
816629
816632
816638
816641
816645
816657
816664
816666
816687
816689
816690
816699
816700
816704
816707
816711
816719
816724
816737
816739
816756
816762
816765
816769
816783
816784
816800
816805
816806
816811
816824
816827
816832
816842
816846
816852
816856
816857
816858
816862
816867
816877
816881
816883
816887
816903
816909
816937
816938
816939
816948
816949
816955
816969
816981
816985
816996
817003
817006
817009
817016
817024
817027
817036
817037
817041
817043
817050
817062
817073
817075
817083
817111
817116
817131
817138
817146
817178
817180
817185
817187
817194
817195
817204
817219
817221
817225
817233
817248
817250
817253
817257
817263
817265
817290
817297
817299
817303
817304
817307
817308
817339
817341
817362
817367
817370
817379
817381
817400
817402
817408
817409
817410
817411
817420
817434
817446
817450
817456
817468
817470
817475
817508
817514
817520
817531
817537
817538
817562
817599
817602
817631
817650
817651
817665
817669
817682
817700
817703
817704
817705
817709
817717
817727
817752
817754
817768
817775
817795
817799
817802
817824
817827
817832
817837
817844
817868
817887
817890
817891
817895
817908
817919
817926
817943
817952
817954
817957
817962
817965
817973
817985
817986
818000
818006
818012
818018
818043
818047
818054
818058
818061
818067
818070
818075
818087
818092
818097
818099
818100
818103
818106
818135
818141
818155
818164
818165
818170
818175
818176
818181
818196
818199
818203
818216
818228
818239
818255
818263
818264
818272
818285
818289
818304
818317
818325
818328
818335
818339
818341
818342
818371
818391
818392
818394
818406
818425
818474
818480
818482
818488
818491
818494
818495
818519
818528
818529
818531
818532
818539
818566
818578
818591
818599
818605
818608
818617
818623
818626
818634
818642
818643
818656
818659
818676
818679
818701
818707
818710
818716
818722
818726
818728
818733
818746
818754
818756
818760
818767
818778
818787
818794
818816
818819
818823
818841
818848
818849
818850
818872
818899
818906
818914
818915
818925
818926
818932
818942
818944
818954
818975
818979
818981
818989
818997
819000
819034
819045
819068
819072
819074
819079
819092
819097
819115
819123
819127
819133
819139
819144
819146
819153
819170
819181
819184
819200
819210
819214
819226
819240
819249
819254
819258
819271
819287
819295
819297
819314
819327
819336
819338
819348
819372
819381
819392
819422
819430
819434
819448
819453
819463
819465
819472
819480
819499
819501
819515
819516
819520
819525
819529
819531
819535
819545
819548
819561
819565
819583
819585
819590
819595
819601
819604
819650
819664
819684
819694
819696
819793
819826
819834
819839
819843
819859
819860
819863
819876
819891
819898
819904
819921
819928
819937
819939
819953
819955
819960
819987
820007
820033
820036
820060
820061
820080
820096
820098
820116
820119
820126
820152
820155
820165
820176
820196
820209
820228
820234
820235
820264
820270
820296
820297
820324
820330
820343
820346
820367
820386
820388
820396
820410
820419
820450
820454
820459
820492
820507
820516
820562
820596
820614
820629
820655
820683
820692
820708
820739
820746
820749
820762
820807
820815
820855
820866
820872
820875
820940
820948
820951
820955
820968
820969
820987
821027
821036
821070
821076
821080
821087
821099
821104
821117
821149
821160
821172
821220
821221
821268
821281
821320
821324
821345
821373
821419
821422
821441
821442
821459
821509
821522
821523
821572
821594
821613
821712
821730
821747
821751
821762
821807
821818
821832
821864
821896
821904
821913
821935
821956
822027
822046
822074
822111
822140
822155
822184
822195
822225
822227
822237
822244
822245
822310
822327
822366
822377
822431
822465
822481
822623
822639
822689
822703
822741
822797
822804
822850
822889
822982
822989
823059
823067
823082
823124
823147
823161
823246
823263
823271
823345
823415
823459
823479
823510
823557
823594
823645
823727
823785
823799
823857
823888
823890
823944
824042
824059
824112
824124
824134
824165
824232
824235
824288
824470
824526
824527
824567
824577
824696
824702
824706
824738
824758
824789
824814
824903
824966
825043
825192
825237
825244
825265
825267
825311
825386
825395
825410
825425
825426
825486
825532
825541
825572
825637
825688
825714
825725
825771
825914
826044
826051
826162
826223
826279
826417
826548
826631
826659
826697
826699
826735
826813
826834
826948
826976
827075
827110
827248
827439
827481
827495
827571
827712
827769
827874
828028
828046
828130
828160
828206
828209
828224
828294
828345
828384
828465
828491
828600
828643
828813
828916
828957
829346
829451
829493
829514
829538
829777
829857
829880
829902
830133
830398
830453
830719
830818
830858
830865
831163
831243
831248
831358
831563
831626
831656
831894
831998
832069
832136
832266
832315
832851
832947
833176
833287
833614
833675
834571
834858
835386
836008
836281
836401
836742
839102
840212
841125
842076
842364
843109
844794
845210
846010
847127
849719
851260
852242
852572
852637
852779
852904
853059
855805
857232
863366
865716
865802
865833
866396
869259
869772
871963
872960
873450
878310
878716
880296
902298
902440
902447
902448
902507
902509
902549
902565
902599
902605
902709
902731
902813
902895
902918
902945
902946
903076
903100
903119
903120
903122
903173
903221
903386
903437
903447
903449
903512
903552
903577
903588
903637
903641
903666
903669
903738
903791
903814
904025
904029
904030
904031
904178
904201
904216
904283
904571
904667
904681
904682
904684
904753
904789
904803
904815
904818
904820
904849
904850
904925
904998
905111
905133
905216
905352
905455
905490
905588
905611
905684
905719
905721
905748
905769
905839
905841
905890
905925
905991
906073
906074
906075
906079
906134
906268
906309
906348
906349
906448
906616
906620
906685
906811
906816
907191
907232
907283
907424
907681
907770
907771
907852
907868
907983
907984
908113
908116
908137
908237
908238
908264
908372
908373
908398
908417
908426
908439
908590
908636
908637
908638
908669
908670
908671
908695
908698
908734
908744
908752
908756
908783
908845
908879
908901
908949
908964
909011
909027
909157
909194
909213
909241
909242
909243
909273
909274
909326
909365
909366
909388
909445
909448
909449
909450
909456
909506
909551
909560
909576
909577
909578
909580
909712
909729
909740
909750
909751
909752
909753
909772
909776
909792
909805
909921
909922
910033
910064
910068
910102
910147
910455
910459
910460
910475
910480
910526
910566
910608
910683
910684
910704
910744
910803
910804
910825
910850
910851
910971
911048
911051
911141
911276
911279
911325
911390
911391
911397
911410
911433
911543
911578
911587
911588
911597
911626
911681
911686
911719
911726
911742
911743
911765
911784
911785
911814
911863
911864
911904
911920
911921
911945
911960
911982
911985
912023
912109
912110
912176
912205
912219
912224
912242
912259
912266
912272
912315
912333
912334
912350
912353
912389
912414
912422
912478
912548
912549
912646
912655
912664
912673
912698
912718
912727
912734
912748
912752
912819
912824
912865
912899
912923
912925
913075
913076
913090
913107
913108
913111
913178
913224
913244
913246
913251
913252
913275
913287
913292
913743
914040
914312
914472
914493
914646
914648
914653
914689
914732
914755
914838
914969
915087
919591
919615
924232
924807
925148
927735
929502
932791
932975
933093
933400
934619
935251
935606
935808
935828
936037
936056
936489
936491
936568
936578
936579
936580
936581
936582
936612
936687
937647
937664
939834
940082
944319
945948
945957
946172
946204
946206
946208
946314
1050198989
1050229344
1050866915
1050931796
1051168067
1052500762
1053125857
1055089765
1057259602
1061389617
1063757754
1064464421
1064623201
1064876188
1066778249
1071789182
1073128028
1073526879
1076768749
1078333410
1079514751
1079877364
1080736641
1085870101
1088491057
1102730313
1115917976
1127183799
1210412951
1242820407
1399810824
1434599043