28058
171201
74917
45085
18589
935863
809406
818614
512153
33854
69908
32938
517755
193203
805172
806437
26145
815703
28642
116181
553735
523645
22926
201164
531643
40941
511862
183026
29679
54245
79991
47463
806376
41140
80148
85618
115024
57989
110800
49575
41126
59291
77886
544201
200223
42034
94705
109755
25513
21044
113607
80864
165032
229290
30264
54487
51825
60723
806543
32054
75053
171633
158602
32530
35217
67298
68332
127569
61022
36472
73303
160173
544129
22566
28357
806425
940079
910107
74692
812337
526262
86851
40333
44857
118251
129990
59459
529255
547008
73825
133084
61487
181507
21084
102214
500322
812657
136616
51370
116891