28058
171201
74917
45085
18589
935863
809406
818614
512153
33854
69908
32938
517755
193203
805172
806437
26145
815703
28642
116181
553735
523645
22926
201164
531643
40941
511862
183026
29679
54245
79991
47463
806376
41140
80148
85618
115024
57989
110800
49575
41126
59291
77886
544201
200223
42034
94705
109755
25513
21044
113607
80864
165032
229290
30264
54487
51825
60723
806543
32054
75053
171633
158602
32530
35217
67298
68332
127569
61022
36472
73303
160173
544129
22566
28357
806425
940079
910107
74692
812337
526262
86851
40333
44857
118251
129990
59459
529255
547008
73825
133084
61487
181507
21084
102214
500322
812657
136616
51370
116891
29176
140790
84351
23910
517159
809247
195815
41296
818264
138398
135242
50521
549959
111315
99180
513955
87612
36853
63545
72680
27081
68548
18543
747796417
816762
221822
35405
74737
816375
57204
28026
33559
810204
24639
525420
80599
132079
97997
37387
79280
525590
124768
31888
317278
103203
520337
84313
1050015101
67809
102801
61833
146765
910178
97623
54936
99822
153804
68171
813153
92919
78895
814568
104525
34150
192385
103505
128458
535357
84087
174189
18692
181262
94948
114155
63526
131660
99951
809111
107232
50289
30294
140968
47873
29702
186172
138902
75287
23301
550603
518790
108621
17828
164392
91521
100572
802464
17927
136741
60954
148597
575723
558612
135635
17926
93160
105726
91961
72715
18751
543142
546952
83256
95506
435649622
146022
166528
816825
142963
119716
56733
146500
143138
549301
1053591873
28514
93826
817390
137549
77298
61042
65359
33016
22558
33780
130367
804877
810972
116424
88111
21627
817485
36655
521796
130374
147439
45665
804780
529821
542504
74576
164687
24404
29221
1120380116
15254
126354
100046
14485
90660
59139
90916
184713
66317
814586
107710
86608
520356
201554
138185
75175
555651
103223
72099
548593
59494
14113
84329
71877
23461
84116
909350
138973
137605
908758
81215
81327
39799
98194
815568
50199
511950
34868
259964
67249
47926
24447
94479
179268
128416
12600
515823
109521
125172
148178
32445
15408
88731
52012
810048
93940
117149
70401
111589
135853
813353
531948
15815
93986
807780
1076897663
183966
24691
68606
59394
172796
32499
548459
56162
39365
35469
246089
11378
162537
804759
159437
55275
132329
43790
66237
51577
111194
809983
74736
184745
62328
112860
435201
169805073
108038
809050
71000
185298
70688
103646
515962
81304
22400
92464
31127
80030
32470
97127
32278
62438
102784
75967
57868
28650
527195
51178
100294
17281
806412
516266
531713
34210
575468
163831
801748
78297
165302
181425
529142
56922
128654
136516
803035
110941
70581
48299
57866
115242
115586
14108
53184
54066
99186
145366
70125
172843
52833
905870
105357
75309
108982
90671
56035
131584
70015
45493
551838
145017
78732
41982
111767
536607
143162
46804
112794
14940
133795
52598
25090
41844
137067
126340
24870
24128
533368
150075
131427
103976
79330
344038
553955
75255
148157
34462
142840
95808
91337
38495
532519
98641
24208
42244
808525
75658
55345
59313
804811
18395
129706
53774
51131
806842
43896
44572
67253
149731
46156
29023
125920
80018
120159
102476
89046
128125
57364
75211
64150
64664
113461
114229
36768
97387
21000
85751
98409
908116
61387
27472
806406
532856
80023
26875
131515
163103
23375
908285
154623
805351
57647
543788
131582
97865
810382
530601
232828
164085
158864
105569
64431
519730
81248
904673
113670
117598
26219
16606
104757
120717
559106
366232
169373
123419
163272
103413
167197
27842
85186
215614
31066
55664
99799
88850
44470
53742
28812
30545
121520
575882
174871
40597
17692
819384
82374
14422
140747
188572
46518
580446
830483
181181
254322
912940
808440
529722
32871
47989
54858
50451
105184
803823
56362
78415
131550
152747
109983
149898
810554
75216
30227
66322
240397
115617
512372
38748
45366
28883
31903
135710
80447
64850
44071
139829
909560
85541
78598
36867
85224
536283
112666
14855
800211
512910
43782
809895
514185
229440
910829
550990
36850
29441
99955
127074
517906
122623
41593
77350