28058
171201
74917
45085
18589
935863
809406
818614
512153
33854
69908
32938
517755
193203
805172
806437
26145
815703
28642
116181
553735
523645
22926
201164
531643
40941
511862
183026
29679
54245
79991
47463
806376
41140
80148
85618
115024
57989
110800
49575
41126
59291
77886
544201
200223
42034
94705
109755
25513
21044
113607
80864
165032
229290
30264
54487
51825
60723
806543
32054
75053
171633
158602
32530
35217
67298
68332
127569
61022
36472
73303
160173
544129
22566
28357
806425
940079
910107
74692
812337
526262
86851
40333
44857
118251
129990
59459
529255
547008
73825
133084
61487
181507
21084
102214
500322
812657
136616
51370
116891
29176
140790
84351
23910
517159
809247
195815
41296
818264
138398
135242
50521
549959
111315
99180
513955
87612
36853
63545
72680
27081
68548
18543
747796417
816762
221822
35405
74737
816375
57204
28026
33559
810204
24639
525420
80599
132079
97997
37387
79280
525590
124768
31888
317278
103203
520337
84313
1050015101
67809
102801
61833
146765
910178
97623
54936
99822
153804
68171
813153
92919
78895
814568
104525
34150
192385
103505
128458
535357
84087
174189
18692
181262
94948
114155
63526
131660
99951
809111
107232
50289
30294
140968
47873
29702
186172
138902
75287
23301
550603
518790
108621
17828
164392
91521
100572
802464
17927
136741
60954
148597
575723
558612
135635
17926
93160
105726
91961
72715
18751
543142
546952
83256
95506
435649622
146022
166528
816825
142963
119716
56733
146500
143138
549301
1053591873
28514
93826
817390
137549
77298
61042
65359
33016
22558
33780
130367
804877
810972
116424
88111
21627
817485
36655
521796
130374
147439
45665
804780
529821
542504
74576
164687
24404
29221
1120380116
15254
126354
100046
14485
90660
59139
90916
184713
66317
814586
107710
86608
520356
201554
138185
75175
555651
103223
72099
548593
59494
14113
84329
71877
23461
84116
909350
138973
137605
908758
81215
81327
39799
98194
815568
50199
511950
34868
259964
67249
47926
24447
94479
179268
128416
12600
515823
109521
125172
148178
32445
15408
88731
52012
810048
93940
117149
70401
111589
135853
813353
531948
15815
93986
807780
1076897663
183966
24691
68606
59394
172796
32499
548459
56162
39365
35469
246089
11378
162537
804759
159437
55275
132329
43790
66237
51577
111194
809983
74736
184745
62328
112860
435201
169805073
108038
809050
71000
185298
70688
103646
515962
81304
22400
92464
31127
80030
32470
97127
32278
62438
102784
75967
57868
28650
527195
51178
100294
17281
806412
516266
531713
34210
575468
163831
801748
78297
165302
181425
529142
56922
128654
136516
803035
110941
70581
48299
57866
115242
115586
14108
53184
54066
99186
145366
70125
172843
52833
905870
105357
75309
108982
90671
56035
131584
70015
45493
551838
145017
78732
41982
111767
536607
143162
46804
112794
14940
133795
52598
25090
41844
137067
126340
24870
24128
533368
150075
131427
103976
79330
344038
553955
75255
148157
34462
142840
95808
91337
38495
532519
98641
24208
42244
808525
75658
55345
59313
804811
18395
129706
53774
51131
806842
43896
44572
67253
149731
46156
29023
125920
80018
120159
102476
89046
128125
57364
75211
64150
64664
113461
114229
36768
97387
21000
85751
98409
908116
61387
27472
806406
532856
80023
26875
131515
163103
23375
908285
154623
805351
57647
543788
131582
97865
810382
530601
232828
164085
158864
105569
64431
519730
81248
904673
113670
117598
26219
16606
104757
120717
559106
366232
169373
123419
163272
103413
167197
27842
85186
215614
31066
55664
99799
88850
44470
53742
28812
30545
121520
575882
174871
40597
17692
819384
82374
14422
140747
188572
46518
580446
830483
181181
254322
912940
808440
529722
32871
47989
54858
50451
105184
803823
56362
78415
131550
152747
109983
149898
810554
75216
30227
66322
240397
115617
512372
38748
45366
28883
31903
135710
80447
64850
44071
139829
909560
85541
78598
36867
85224
536283
112666
14855
800211
512910
43782
809895
514185
229440
910829
550990
36850
29441
99955
127074
517906
122623
41593
77350
14637
95408
80647
79292
31564
111640
62211
435098
12922
523983
85604
35773
67169
933316
818082
34560
45087
524270
66363
61215
63747
13040
57493
112821
20150
802948
109187
10775
152788
25165
74045
74636
119304
12355
179646
39404
28167
24627
823799
117050
53002
52692
908417
10778
810563
63969
905551
815803
218843
53731
549910
908654
69012
129972
531018
814881
800695
20205
25980
541869
830928
51111
117577
45996
808346
75008
58616
129426
161227
32910
88588
815246
41143
18982
92126
526183
539221
21477
174315
107500
558846
569293
29571
34117
74841
123994
19045
806891
545020
181137
813176
78192
74666
1052108723
120476
804391
16855
33468
63723
36250
164361
16597
87898
904941
215815
188303
98089
71184
520590
122570
545317
11272
118392
44439
529990
97153
58948
24356
43201
30460
524404
22191
104599
65341
102291
117756
98333
809451
806681
520875
78142
36030
43119
71241
156567
108672
121263
180251
813828
195343
26964
118838
46792
160666
123113
54397
1050272154
248000
168691
318205
536427
59689
41846
85376
154945
115931
811404
523591
803290
804665
530882
20370
62931
47777
11463
134805
11439
116850
128518
802223
13543
110757
48071
67008
61265
29883
20403
517284
19636
115109
58978
101206
58006
925136
806941
59736
27341
520379
38463
91940
66790
101498
172950
115566
559766
517285
185580
539686
136640
35531
909324
32879
516274
91927
82159
10636
803339
257944214
194491
12058
79531
141314
806934
551341
102869
78594
102918
75393
133149
100051
146797
553949
93902
911406
543736
118980
191364
27052
809255
88528
802272
846740
20162
542771
15776
115240
23417
136851
11999
803939
53563
43077
881519
104619
844236462
58703
808436
81871
28085
11760
532029
39991
808403
118235
110641
10772
800668
132578
18992
564686
117916
30257
56469
79676
297075
110517
551147
138722
20399
908998
54314
22908
807727
184173
49030
215961
112803
169862
93373
825931
903996
808082
809381
141729
16078
155095
22384
531017
554095
547631
20219
92340
181830
10467
120736
105311
10598
581165
519833
542628
529516
124556
28601
148334
99225
805082
80103
99532
179121
62685
107169
41229
100512
51239
131334
12708
20489
176260
330394
56990
67661
98162
36210
45531
812264
54863
145426
118408
77170
363021
519773
524913
534220
65614
518983
110574
810681
126498
23230
190935
263547
537640
38860
57393
517787
137802
78874
71820
122943
11415
95123
125357
76602
26067
22054
811685
102790
530321
12228
36359
73928
106352
124046
91516
127504
513395
74873
175676
816955
221457
113924
16472
212879
99931
139589
800727
102490
64416
123690
113687
133080
144907
807018
122071
131403
97842
820155
290217
10492
12052
21523
36800
125547
155809
101027
16667
31288
53210
800613
104331
177137
27324
143278
183932
49333
136817
913091
48804
39694
957696
55390
54385
34737
73917
162503
523032
807787
95112
31959
529836
104394
216580
167480
127105
142490
34347
45835
956031
814728
59969
536491
127895
48462
142021
93720
66479
804368
520530
803924
803849
109781
81034
556522
127801
123227
805444
547414
191205
516280
41744
105838
55431
203227
95266
134402
64534
127564
812042
87330
32523
119411
62681
354677
129482
82651
34692
289216
224436
141599
838362
75468
539909
309493783
529868
13658
143914
44771
137430
55011
48833
76193
212664
943654
539148
122370
545306
122468
26014
157275
24760
155145
124804
124093
187385
140969
36529
803177
549738
56175
47208
520292
112362
99540
13407
27912
40367
85564
550176
539584
911960
33586
57073
522988
817106
98014
562960
85331
15084
532586
550508
100755
56940
36333
47096
818236
136187
12798
143808
46775
531441
181506
117467
817226
83513
53097
809598
43139
40552
115874
548147
801137
151270
818516
202714
78203
110473
68227
71472
57627
44201
45982
41395
190475
35812
94875
104440
48635
73448
44320
98540
92412
186558
60891
113566
94446
559547
133445
150196
14481
26521
80894
334133
86586
40800
147014
129580
43753
912274
235885
100258
35639
804173
65360
816091
41681
56337
116643
138548
52428
16715
11600
43800
95570
561724
92882
87530
123063
91244
905228
548774
820131
31432
290410
77220
107733
126162
57036
516254
17289
74710
96476
804696
79973
802433
126652
89610
580683
34245
74359
26471
805616
20458
82737
809756
86977
24074
118555
138710
103529
10553
48654
73539
36638
123253
514603
10946
222144
81049
86820
121610
66991
905894
99347
44281
90638
146920
533991
561511
33522
49112
819236
102413
223446
500287
817847
106210
73968
816408
75826
118996
81854
202384
545381
18444
954627
120482
111376
803742
554916
108043
15031
144972
85580
23303
40496
13458
151011
81741
555735
109760
106967
72232
19125
539597
547645
63426
41695
60398
95298
15924
810422
46223
580279
66056
547908
168576
800645
40393
557718
116769
68461
904168
83654
908439
529500
58716
83495
38600
119651
71551
51912
74529
22781
175309
131208
303535
808733
86286
115048
58307
540419
239837
183839
558847
92836
829156
101421
100654
43727
819299
169508
147597
136369
543128
23726
216960
801673
73285
816478
17676
134717
43226
198352
69673
122126
45234
34435
76918
814077
144908
815467
41922
805472
133650
812941
531258
97421
23622
807798
580422
101271
191482
48318
70049
138879
40534
27772
28703
158840
806177
218148
139896
519976
35156
14077
68085
95720
42257
38468
15825
51753
107047
809000
90382
107780
83677
38297
54002
812222
809670
107906
51594
581109
173801
113240
40072
519982
802376
67726
15556
513785
45463
86782
838746
89197
811207
65817
137411
903545
818285
28810
56584
108772
491318618
212421
20228
88994
217562
90346
548350
163234
118907
10129
103460
185469
15492
904063
43797
816222
165422
168619
220183
35569
810876
295839
22778
57645
30549
66263
58615
812776
114716
79419
118578
51117
133473
146213
17104
60360
71853
11110
192599
910731
193799
82708
54709
160583
181043
306761
812938
187001
19475
809063
154351
529394
60930
48924
18416
130124
161161
148325
829673
536533
148122
265477191
83528
97396
57414
819704
70291
536317
90138
45434
178728
539302
62412
121373
814281
907233
69083
905999
74177
149143
183111
118106
127130
102274
38836
112524
157322