28058
171201
74917
45085
18589
935863
809406
818614
512153
33854
69908
32938
517755
193203
805172
806437
26145
815703
28642
116181
553735
523645
22926
201164
531643
40941
511862
183026
29679
54245
79991
47463
806376
41140
80148
85618
115024
57989
110800
49575
41126
59291
77886
544201
200223
42034
94705
109755
25513
21044
113607
80864
165032
229290
30264
54487
51825
60723
806543
32054
75053
171633
158602
32530
35217
67298
68332
127569
61022
36472
73303
160173
544129
22566
28357
806425
940079
910107
74692
812337
526262
86851
40333
44857
118251
129990
59459
529255
547008
73825
133084
61487
181507
21084
102214
500322
812657
136616
51370
116891
29176
140790
84351
23910
517159
809247
195815
41296
818264
138398
135242
50521
549959
111315
99180
513955
87612
36853
63545
72680
27081
68548
18543
747796417
816762
221822
35405
74737
816375
57204
28026
33559
810204
24639
525420
80599
132079
97997
37387
79280
525590
124768
31888
317278
103203
520337
84313
1050015101
67809
102801
61833
146765
910178
97623
54936
99822
153804
68171
813153
92919
78895
814568
104525
34150
192385
103505
128458
535357
84087
174189
18692
181262
94948
114155
63526
131660
99951
809111
107232
50289
30294
140968
47873
29702
186172
138902
75287
23301
550603
518790
108621
17828
164392
91521
100572
802464
17927
136741
60954
148597
575723
558612
135635
17926
93160
105726
91961
72715
18751
543142
546952
83256
95506
435649622
146022
166528
816825
142963
119716
56733
146500
143138
549301
1053591873
28514
93826
817390
137549
77298
61042
65359
33016
22558
33780
130367
804877
810972
116424
88111
21627
817485
36655
521796
130374
147439
45665
804780
529821
542504
74576
164687
24404
29221
1120380116
15254
126354
100046
14485
90660
59139
90916
184713
66317
814586
107710
86608
520356
201554
138185
75175
555651
103223
72099
548593
59494
14113
84329
71877
23461
84116
909350
138973
137605
908758
81215
81327
39799
98194
815568
50199
511950
34868
259964
67249
47926
24447
94479
179268
128416
12600
515823
109521
125172
148178
32445
15408
88731
52012
810048
93940
117149
70401
111589
135853
813353
531948
15815
93986
807780
1076897663
183966
24691
68606
59394
172796
32499
548459
56162
39365
35469
246089
11378
162537
804759
159437
55275
132329
43790
66237
51577
111194
809983
74736
184745
62328
112860
435201
169805073
108038
809050
71000
185298
70688
103646
515962
81304
22400
92464
31127
80030
32470
97127
32278
62438
102784
75967
57868
28650
527195
51178
100294
17281
806412
516266
531713
34210
575468
163831
801748
78297
165302
181425
529142
56922
128654
136516
803035
110941
70581
48299
57866
115242
115586
14108
53184
54066
99186
145366
70125
172843
52833
905870
105357
75309
108982
90671
56035
131584
70015
45493
551838
145017
78732
41982
111767
536607
143162
46804
112794
14940
133795
52598
25090
41844
137067
126340
24870
24128
533368
150075
131427
103976
79330
344038
553955
75255
148157
34462
142840
95808
91337
38495
532519
98641
24208
42244
808525
75658
55345
59313
804811
18395
129706
53774
51131
806842
43896
44572
67253
149731
46156
29023
125920
80018
120159
102476
89046
128125
57364
75211
64150
64664
113461
114229
36768
97387
21000
85751
98409
908116
61387
27472
806406
532856
80023
26875
131515
163103
23375
908285
154623
805351
57647
543788
131582
97865
810382
530601
232828
164085
158864
105569
64431
519730
81248
904673
113670
117598
26219
16606
104757
120717
559106
366232
169373
123419
163272
103413
167197
27842
85186
215614
31066
55664
99799
88850
44470
53742
28812
30545
121520
575882
174871
40597
17692
819384
82374
14422
140747
188572
46518
580446
830483
181181
254322
912940
808440
529722
32871
47989
54858
50451
105184
803823
56362
78415
131550
152747
109983
149898
810554
75216
30227
66322
240397
115617
512372
38748
45366
28883
31903
135710
80447
64850
44071
139829
909560
85541
78598
36867
85224
536283
112666
14855
800211
512910
43782
809895
514185
229440
910829
550990
36850
29441
99955
127074
517906
122623
41593
77350
14637
95408
80647
79292
31564
111640
62211
435098
12922
523983
85604
35773
67169
933316
818082
34560
45087
524270
66363
61215
63747
13040
57493
112821
20150
802948
109187
10775
152788
25165
74045
74636
119304
12355
179646
39404
28167
24627
823799
117050
53002
52692
908417
10778
810563
63969
905551
815803
218843
53731
549910
908654
69012
129972
531018
814881
800695
20205
25980
541869
830928
51111
117577
45996
808346
75008
58616
129426
161227
32910
88588
815246
41143
18982
92126
526183
539221
21477
174315
107500
558846
569293
29571
34117
74841
123994
19045
806891
545020
181137
813176
78192
74666
1052108723
120476
804391
16855
33468
63723
36250
164361
16597
87898
904941
215815
188303
98089
71184
520590
122570
545317
11272
118392
44439
529990
97153
58948
24356
43201
30460
524404
22191
104599
65341
102291
117756
98333
809451
806681
520875
78142
36030
43119
71241
156567
108672
121263
180251
813828
195343
26964
118838
46792
160666
123113
54397
1050272154
248000
168691
318205
536427
59689
41846
85376
154945
115931
811404
523591
803290
804665
530882
20370
62931
47777
11463
134805
11439
116850
128518
802223
13543
110757
48071
67008
61265
29883
20403
517284
19636
115109
58978
101206
58006
925136
806941
59736
27341
520379
38463
91940
66790
101498
172950
115566
559766
517285
185580
539686
136640
35531
909324
32879
516274
91927
82159
10636
803339
257944214
194491
12058
79531
141314
806934
551341
102869
78594
102918
75393
133149
100051
146797
553949
93902
911406
543736
118980
191364
27052
809255
88528
802272
846740
20162
542771
15776
115240
23417
136851
11999
803939
53563
43077
881519
104619
844236462
58703
808436
81871
28085
11760
532029
39991
808403
118235
110641
10772
800668
132578
18992
564686
117916
30257
56469
79676
297075
110517
551147
138722
20399
908998
54314
22908
807727
184173
49030
215961
112803
169862
93373
825931
903996
808082
809381
141729
16078
155095
22384
531017
554095
547631
20219
92340
181830
10467
120736
105311
10598
581165
519833
542628
529516
124556
28601
148334
99225
805082
80103
99532
179121
62685
107169
41229
100512
51239
131334
12708
20489
176260
330394
56990
67661
98162
36210
45531
812264
54863
145426
118408
77170
363021
519773
524913
534220
65614
518983
110574
810681
126498
23230
190935
263547
537640
38860
57393
517787
137802
78874
71820
122943
11415
95123
125357
76602
26067
22054
811685
102790
530321
12228
36359
73928
106352
124046
91516
127504
513395
74873
175676
816955
221457
113924
16472
212879
99931
139589
800727
102490
64416
123690
113687
133080
144907
807018
122071
131403
97842
820155
290217
10492
12052
21523
36800
125547
155809
101027
16667
31288
53210
800613
104331
177137
27324
143278
183932
49333
136817
913091
48804
39694
957696
55390
54385
34737
73917
162503
523032
807787
95112
31959
529836
104394
216580
167480
127105
142490
34347
45835
956031
814728
59969
536491
127895
48462
142021
93720
66479
804368
520530
803924
803849
109781
81034
556522
127801
123227
805444
547414
191205
516280
41744
105838
55431
203227
95266
134402
64534
127564
812042
87330
32523
119411
62681
354677
129482
82651
34692
289216
224436
141599
838362
75468
539909
309493783
529868
13658
143914
44771
137430
55011
48833
76193
212664
943654
539148
122370
545306
122468
26014
157275
24760
155145
124804
124093
187385
140969
36529
803177
549738
56175
47208
520292
112362
99540
13407
27912
40367
85564
550176
539584
911960
33586
57073
522988
817106
98014
562960
85331
15084
532586
550508
100755
56940
36333
47096
818236
136187
12798
143808
46775
531441
181506
117467
817226
83513
53097
809598
43139
40552
115874
548147
801137
151270
818516
202714
78203
110473
68227
71472
57627
44201
45982
41395
190475
35812
94875
104440
48635
73448
44320
98540
92412
186558
60891
113566
94446
559547
133445
150196
14481
26521
80894
334133
86586
40800
147014
129580
43753
912274
235885
100258
35639
804173
65360
816091
41681
56337
116643
138548
52428
16715
11600
43800
95570
561724
92882
87530
123063
91244
905228
548774
820131
31432
290410
77220
107733
126162
57036
516254
17289
74710
96476
804696
79973
802433
126652
89610
580683
34245
74359
26471
805616
20458
82737
809756
86977
24074
118555
138710
103529
10553
48654
73539
36638
123253
514603
10946
222144
81049
86820
121610
66991
905894
99347
44281
90638
146920
533991
561511
33522
49112
819236
102413
223446
500287
817847
106210
73968
816408
75826
118996
81854
202384
545381
18444
954627
120482
111376
803742
554916
108043
15031
144972
85580
23303
40496
13458
151011
81741
555735
109760
106967
72232
19125
539597
547645
63426
41695
60398
95298
15924
810422
46223
580279
66056
547908
168576
800645
40393
557718
116769
68461
904168
83654
908439
529500
58716
83495
38600
119651
71551
51912
74529
22781
175309
131208
303535
808733
86286
115048
58307
540419
239837
183839
558847
92836
829156
101421
100654
43727
819299
169508
147597
136369
543128
23726
216960
801673
73285
816478
17676
134717
43226
198352
69673
122126
45234
34435
76918
814077
144908
815467
41922
805472
133650
812941
531258
97421
23622
807798
580422
101271
191482
48318
70049
138879
40534
27772
28703
158840
806177
218148
139896
519976
35156
14077
68085
95720
42257
38468
15825
51753
107047
809000
90382
107780
83677
38297
54002
812222
809670
107906
51594
581109
173801
113240
40072
519982
802376
67726
15556
513785
45463
86782
838746
89197
811207
65817
137411
903545
818285
28810
56584
108772
491318618
212421
20228
88994
217562
90346
548350
163234
118907
10129
103460
185469
15492
904063
43797
816222
165422
168619
220183
35569
810876
295839
22778
57645
30549
66263
58615
812776
114716
79419
118578
51117
133473
146213
17104
60360
71853
11110
192599
910731
193799
82708
54709
160583
181043
306761
812938
187001
19475
809063
154351
529394
60930
48924
18416
130124
161161
148325
829673
536533
148122
265477191
83528
97396
57414
819704
70291
536317
90138
45434
178728
539302
62412
121373
814281
907233
69083
905999
74177
149143
183111
118106
127130
102274
38836
112524
157322
19099
33903
77929
75164
69341
35659
102797
547632
547153
19952
807914
64769
107474
811546
91031
88535
179307
816976
50753
65918
40560
135264
245746
56052
18957
58783
142605
154700
192017
37471
805637
65007
823246
223975
62898
154888
28897
549263
194405
230919
197190
843507
520485
810931
146332
911507
193889
60803
107746
535273
136008
122540
61810
33052
19259
909829
77740
46520
255531
256521
542019
80270
72868
22600
19549
75301
809073
32538
145627
130192
57148
811153
52614
146845
517845
512326
72502
144475
543991
66887
60047
140040
112642
10303
524095
16724
803840
17788
138062
115281
83659
99322
66450
822918
113561
139351
826307
182048
125403
58908
185552
23849
514028
108185
80382
185156
142862
811183
62456
190502
12560
114857
136678
52925
16236
524563
72186
206144
130732
83974
184509
58272
13501
102884
117617
808618
29394
129236
185700
531128
162655
50810
810362
843760
816848
115420
815342
94576
48628
74184
76552
98670
24610
87942
75087
803765
99691
514953
910169
150663
72044
250050
66798
181542
153740
805288
34850
131008
809057
96265
158549
146973
162331
36714
73990
112620
56587
810506
64863
81494
174221
138421
44990
68812
62379
11040
135599
818830
32235
22552
103570
70031
60516
520482
907397
44072
29593
21947
818747
555796
160696
544200
807773
197228
806320
581057
812674
139590
541648
527224
83972
139497
111816
97609
804190
143785
519517
125938
533487
52774
547151
182916
53267
16095
18005
106414
545429
544426
63676
59274
16756
544679
519996
106527
160916
23593
52300
104347
51665
102966
128328
812398
200137
43404
27194
307975
30233
35731
67399
545907
144674
530297
53969
41110
85799
96950
813492
802284
125358
76068
35242
819581
75816
129134
199309
162557
48393
149863
535964
40399
93134
514651
75813
136442
34102
121873
514299
35482
126575
40728
110483
141870
808544
580384
61993
108802
25912
105713
517351
31789
159038
151593
68693
45990
35719
548228
130535
10448
58850
30040
10043
538101
819863
90470
48839
130190
228491
24924
805132
804836
805557
17058
53813
49409
153802
21809
127056
170024
31856
807976
156401
907240
95467
1050615112
45873
111174
526080
64020
534572
88936
23325
92987
41454
48149
58359
119748
98623
37048
12292
186121
33965
165560
71817
551781
96880
63348
189040
94815
807928
83277
267717
142732
16587
113585
164932
27676
114412
16244
25192
21576
296698
113538
34637
85894
547055
117862
217750
32028
20039
108957
30943
53448
105231
159880
17370
107819
36449
15937
810439
135824
66132
20292
803899
79065
53003
30061
174086
107075
133026
512684
57904
149252
515298
97180
57348
166119
22719
11908
18984
855805
60625
806492
137318
179041
545026
123556
138217
206889
131379
48623
543765
34053
73340
106423
163304
68667
71756
124911
55818
60704
72222
80683
112078
817221
136286
58780
134126
60290
547885
152707
116126
811639
70189
552851
558897
526339
37348
44810
142015
73586
521344
135900
60598
44227
532251
231394
21409
46512
38146
815280
76036
811158
102929
62913
76167
59017
21215
58816
518130
89524
941848
22589
108327
41813
118751
61569
805435
35997
55047
125979
83645
802372
83143
142281
109911
24756
48773
182860
107142
89007
42817
100523
149367
543097
548870
92480
518328
551542
20153
196656
405022
13384
140207
54326
24170
154592
44259
65553
518884
525024
516751
154793
40651
37557
77528
805359
170491
87433
515561
820419
32686
820163
122678
194044
34202
72844
201687
51614
105705
92704
532701
89278
149769
116007
906999
43357
545089
142112
820228
121475
112834
27354
514948
30133
10933
175753
912673
60057
136740
104960
231993
517580
21989
523409
540012
35164
23545
69236
43879
123356
807597
810187
87823
12517
79050
813618
521621
807964
71390
196901
11043
79466
161734
174107
96075
207850
148919
148593
134007
84744
57490
11103
84916
118776
18739
72317
52934
27334
116149
70121
208602
195627
143341
30543
22230
68668
132828
538094
36968
807492
79303
545502
191352
340937
11901
122002
821320
66960
30676
85291
122756
519558
102084
79651
107588
800484
535205
541724
1050765441
561211
86224
41328
92245
121271
141291
821313
45859
209643
813188
539110
122004
138396
123472
802979
79832
520746
53004
524788
84605
549586
21051
1053432224
100620
126345
86719
374701
103812
54495
813444
532171
69268
127018
59973
98157
118233
22967
815968
365331
93923
122215
117895
10954
154848
25568
17054
112025
116450
531150
188487
107194
123927
78264
151046
117642
174453
98007
14171
524678
61825
59780
63979
810469
518749
519977
98176
108924
955284
42439
16754
114073
113505
70185
15186
59952
89557
512155
531305
64323
28176
44530
152155
144218
517602
184673
68011
156588
61881
903564
47587
209655
100200
60533
76973
113466
17624
94111
143269
106319
811658
904848
39788
115680
812223
203701
824336
43960
69026
132455
144537152
500008
37509
167913
10296
923628
926058
87728
386265
48183
112999
187492
813940
15048
555261
513691
802001
158563
26125
10521
105945
47480
135492
806503
30553
75857
559263
69295
108689
521563
802089
138104
813091
206747
77038
90257
25654
20528
521698
115233
220807
525140
292082
55065
177153
110928
812862
148257
101161
71818
921630
47447
110388
107073
105083813
815657
58250
807648
517922
132042
222951
93764
805518
41906
11927
801363
546446
800029
908819
13099
105868
96242
42879
18968
28603
12772
139474
41415
67462
53441
313049550
108919
140006
42428
68256
36548
199879
119933
131124
194150
18945
54267
26397
44808
70027
100483
522749
140907
514581
808056
902451
814612
142943
62281
72955
904557
97876
138579
82858
41045
12347
217482
81796
99050
48095
197828
174920
19953
119487
542152
512673
519582
12077
110325
30900
160748
171881
533416
51120
163382
122733
108413
136156
41015
118519
67915
66400
76511
162006
152860
152376
187049
156766
85616
80042
417419
119843
37950
115703
42920
515884
104473
542548
117290
525466
156608300
470623
27408
523495
18145
11679
521748
102713
45878
812996
534229
78993
823205
130994
11765
936366
93402
66185
81334
34555
42239
154739
176983
46992
134946
94663
807830
50894
29186
526599
78990
123226
21179
64448
114025
92242
209811
33425
129897
124037
19708
167616
136327
173578
37811
211133
45609
533793
524941
238982
134361
99642
811165
96296
58838
36046
530315
808759
71810
68685
116437
87917
809925
527677
108719
78475
512511
461363
25547
914538
811945
131863
135270
29586
73152
54618
124704
63702
142980
112728
139973
94909
157345
154403
27493
18375
303754631
944529
65022
98925
28083
66662
40790
804790
52705
104780
71856
111663
926170
803060
529874
65344
519206
35441
124488
523853
544064
31339
58355
147518
44521
102264
140936
17765
817554
103941
79677
209394
156991
520462
73199
124918
163296
537636
70964
54013
803445
196196
139653
12348
97446
14873
59846
547690
101300
34745
11803
58936
12895
59125
115919
20234
537814
536516
81573
197453
1050046221
19204
551155
20804
811662
203425
804025
57859
45300
219656
68827
109182
240034
811087
542381
545782
45449
24876
816281
536231
112399
194719
136524
28443
923464
903163222
71094
132411
85256
109115
909349
130253
75653
909251
23916
76366
32500
530972
71931
52466
159513
523034
42859
116045
132241
112454
800590
89289
516899
103795
115372
14259
815147
139928
203360
542963
808224
119432
832650
23256
41221
302730
809395
89180
61657
814109
815223
90442
684296256
93046
907399
30956
18872
63565
99096
809392
109916
549360
44347
23036
18049
151354
189993
817421
545857
71256
815446
203581
72980
79166
58179
905223
186880
15410
105176
92936
151937
111804
57945
803841
123766
167682
61703
68499
90917
78012
28620
515183
707252422
180225
25289
905558
77221
39276
199379
97512
76559
42129
543234
79674
62798
575542
800693
806754
166445
30466
93945
80212
102986
198498
803277
102494
197753
803900
956165
27325
42361
147679
23450
50720
527452
18369
96811
69255
524830
56873
110512
111274
115713
810248
812480
58730
140140
125327
43212
103298
223619
526843
805953
184898
53977
110236
539435
91680
514566
104304
802152
41160
155709
16863
166168
519635
555991
516757
25243
192978
55328
17682
20208
49001
59205
26652
107677
157187
94797
24360
801865
69585
43533
163937
94296
32407
42558
531729
36754
29003
109609
160091
141578
77934
136763
12857
152673
865642428
44542
530067
530328
124391
63521
156005
125643
75789
803206
521141
119070
208644
105034
12763
123969
59319
78541
74584
173094
89467
542731
312263
18002
63634
517950
10917
157631
42097
524393
519223
120415
119821
31391
537733
61411
43439
816846
803209
104958
56000
48892
130511
22178
141991
79198
805130
102498
75345
108797
808728
48376
154674
131091
18782
149641
44506
524005
77197
63322
112346
99887
129319
837235731
88407
22840
74792
111089
72723
74512
514931
72585
43574
86398
394013
23527
542214
159116
65534
225586
169374
57180
516877
42219
16918
806895
813278
503560891
139161
86760
15251
63045
69767
111308
54528
230996
21111
108062
203305
826162
112865
808805
24202
16337
98912
81378
904743
285050
541412
27257
512877
124467
302200
814810
127638
91987
23366
145022
116544
70147
58899
74863
513643
70505
127079
139999
879926
73543
163461
12053
133132
928855
545018
33642
301434
28140
43543
58844
112870
76008
99166
87749
534747
813429
69414
66351
149030
910148
79232
53988
84326
513965
34296
75077
35751
103354
119090
13586
82608
107399
545423
145472
41841
64713
37374
76463
145792
21486
520472
72047
32162
67225
814832
98262
48543
84328
48037
107955
68577
146293
31211
132667
59296
82659
69444
121755
184600
818097
809457
101860
29517
120377
906223
37851
161685
104193
17658
68306
164017
144124
511772
139662
271182
43709
90434
91328
522434
535056
133825
29367
66865
79354
75940
47754
110074
89832
13477
65464
82009
809439
811734
109601
28905
95982
808630
45762
809032
74970
33628
557330
541976
526786
114594
148889
111784
519432
128221
18668
143397
29553
91278
133227
71844
820172
93449
91631
89704
72145
63277
512639
63664
74647
100352
903581
90496
517752
55416
99286
74034
305452
50072
10222
154215
162108
881126
13215
126756
118553
57251
153241
46833
524971
93279
31516
10455
40193
125672
83885
809952
113617
48855
103421
530531
812071
514706
48731
18254
103074
78431
139203
76965
523442
14904
55248
811806
66064
42416
126911
53085
42590
24502
972803028
41095
35198
131247
89394
212459
51684
108163
808773
100862
124639
529804
549617
103214
801214
133151
73785
22024
805861
152644
63870
14817
27124
46502
64832
13849
107220
84136
53711
79068
71134
70427
115921
157055
205354
153543
521157
111605
18170
33620
130052
63358
814682
142029
120925
520007
800799
91612
103204
97167
32246
14085
908333
569586
284997
164916
79258
44958
162164
85486
19569
813460
28362
55537
256828
809988
174242
113385
112760
65773
810179
62497
124680
104310
101812
66902
105360
514221
97202
86309
49066
59870
126356
74578
60306
516137
809894
40487
24303
39376
44726
39647
131495
75113
75031
99094
29885
25943
115801
110650
43125
41366
136637
175425
13637
812282
30452
154808
126730
79987
32431
10803
87407
117544
143928
127946
515743
806935
149175
803595
85238
815668
546076
800012
36694
575453
816627
934185
14774
533975
71992
88863
100508
63665
817895
36388
15306
68714
94054
69636
530127
87215
521333
24772
68785
807645
580941
95055
132301
41191
533597
802016
26795
156614
118798
575876
43103
134767
53273
36431
44721
147493
146821
514587
908440
128354016
140605
1053839535
51992
82936
110308
92803
122176
530607
131824
545475
16713
67398
10540
100486
550715
801601
168490
13569
170833
113735
529839
150037
104305
26057
52687
46282
76620
804760
36719
11642
808024
80000
41008
58738
15057
114482
207192
56099
512144
157524
107675
22782
56805
105847
566250
807429
53588
282538
551710
62376
56757
28870
80272
131062
54456
105416
519191
45265
135076
17717
184122
151113
118696
74634
544059
106331
10451
51233
90821
61512
173056
29501
595981074
105946
61394
809675
26991
807432
77483
513561
512693
813470
40198
57889
115137
85257
28978
31885
70695
56884
112857
91042
244593
71604
534120
116432
27234
102340
74347
200718
47763
117365
133498
940591
148036
533184
803374
26992
172051
33765
12021
103825
816565
83824
813418
221293
96970
524230
134797
547612
550119
34951
151097
53609
45635
98813
37867
140000
72346
530737
59191
177848
130272
803601
178346
49939
14509
81412
30391
59159
268363
904812
13145
68765
135467
544030
100060
520003
847034
76921
22166
65794
551768
151693
557003
26268
549500
147082
811551
90580
218710
137546
108314
27490
89865
553768
807998
64382
84968
97124
53627
79686
25471
807202
140485
89777
44669
69994
20365
101882
23474
24789
805752
800532
16996
78171
543111
512486
536260
556077
36106
95009
151806
88082
74709
812947
520594
42552
811917
149891
106398
168914
96664
121040
804443
45402
61261
832107
141213
60018
809415
47637
551126
517824
138849
147909
104727
65689
11696
41688
92977
146974
36354
54156
47138
119142
549233
59220
105144
157747
51524
817635
82246
86008
87987
12046
101265
131103
122775
814989
76307
528968
800884
13130
828787
809088
129350
811545
549023
516917
74660
549525
92773
553271
533911
118018
52989
129262
541826
123602
44417
117242
20109
199395
12033
56514
551011
201504
183061
77203
531373
48772
23507
190609
139445
97371
525780
31245
99845
82353
53358
109198
43122
551567
134939
13044
40097
93451
54518
52851
537420
46988
109555
526359
526941
209012
908011
155296
158410
65497
808875
123598
530460
128438
525380
953627
77631
55845
294532
88207
44043
57464
209370
526973
35726
327352
800416
17626
75367
370769
909333
26052
810066
71898
812148
534939
546251
1050303231
118027
86685
29025
45029
53796
11566
12915
812072
48514
62289
515922
105359
55531
81376
127819
122666
195043
533423
42856
116652
10645
933260
37602
29782
812427
44301
802887
549259
28831
97274
48293
144460
26695
56217
808814
904242
546340
801047
45720
102114
65769
22312
98390
340573295
90871
197613
144072
155367
818575
48016
27101
150185
196888
102197
525069
48102
107713
59262
41244
105716
144274
800474
133701
49401
808241
137595
17475
803984
69765
135733
129186
904939
905714
251462
72223
170666
16462
71077
31475
116892
76372
82716
105097
52730
120583
143565
102117
21438
30385
106030
95230
816749
93512
105710
27573
114271
76198
236003
176304
88056
514961
905972
31326
52745
147175
34811
119482
216340
97888
117873
17482
806235
52047
114288
72757
37948
38430
130320
75520
98394
49246
44801
16892
46166
547114
17714
52471
82473
69934
812465
51937
56279
119281
107685
90395
114239
198910
73083
102026
26016
90518
801295
38018
86877
539797
48852
20787
127627
535910
122209
814762
120974
46509
92815
10184
101155
28824
27475
27231
545898
130209
166430
63230
11719
39715
40026
155190
90299
38645
29976
161611
514209
113075
86648
821230
524888
140695
801396
116907
535892
13956
31094
532712
88829
84662
93393
176735
169836
63266
524120
811910
74063
157404
89423
60659
101820
89361
810500
274047
814731
116301
167934
513634
203152
518903
158151
91809
73295
15672
157342
118938
143226
539341
89263
141795
131344
500104
145839
48951
119015
132030
12756
29542
130955
75654
225013
75863
23361
83174
51508
903622
533294
127380
930758
534057
121197
50377
34694
17671
62657
31241
95442
33007
532622
530774
535162
31827
85073
75391
117549
517954
80301
29942
66895
119193
182032
101363
115071
109969
810488
120981
78666
25573
79850
102983
590181
807997
818100
153637
60610
54019
529371
78125
204907
74924
55251
28080
134355
119695
65270
41912
805056
809651
813774
14976
531236
800319
125260
811728
817048
33773
816002
72584
73919
38337
63375
813558
130492
95624
85662
148877
151039
109687
39814
89588
39477
202212
61693
76173
905060
206304
78424
813858
130675
72278
39763
164420
19036
83665
128399
63029
522330
35661
104374
87929
179430
151319
75470
159622
159360
523833
30918
73339
80110
185229
808319
50519
77996
80201
807397
106203
54270
36630
190802
103729
124909
921144
179691
134348
19645
84710
149858
20459
33256
15689
71039
1050731280
807101
77561
113993
49759
811262
535341
133077
109333
527482
119757
105053
43403
195271
112824
66890
196589
127980
24413
1054498550
515921
34707
101762
39287
79371
225552
52039
62139
111625
57973
53527
14638
122277
49187
33504
57780
172840
236557
97962
804309
231160
28427
140224
41627
50427
535688
241890
99439
512580
123748
821754
91217
76202
550529
270091
79252
812189
800896
163912
19745
33176
37455
518938
56358
134653
51840
85716
15371
516055
12135
111049
112784
41020
66342
516130
59923
540523
41905
121816
116701
86919
816543
102286
14703
76332
93251
99718
51237
115723
529866
13833
46986
42333
18186
534025
43673
88680
811302
16286
128175
93446
134295
99888
32312
17817
26319
140382
515420
881168020
154836
807329
555140
17423
521466
848946
169418
85382
100615
141708
534843
803181
238644
525052
17666
53572
158046
512273
815737
165105
29914
16595
803122
121435
43644
71122
545854
551398