28058
171201
74917
45085
18589
935863
809406
818614
512153
33854
69908
32938
517755
193203
805172
806437
26145
815703
28642
116181
553735
523645
22926
201164
531643
40941
511862
183026
29679
54245
79991
47463
806376
41140
80148
85618
115024
57989
110800
49575
41126
59291
77886
544201
200223
42034
94705
109755
25513
21044
113607
80864
165032
229290
30264
54487
51825
60723
806543
32054
75053
171633
158602
32530
35217
67298
68332
127569
61022
36472
73303
160173
544129
22566
28357
806425
940079
910107
74692
812337
526262
86851
40333
44857
118251
129990
59459
529255
547008
73825
133084
61487
181507
21084
102214
500322
812657
136616
51370
116891
29176
140790
84351
23910
517159
809247
195815
41296
818264
138398
135242
50521
549959
111315
99180
513955
87612
36853
63545
72680
27081
68548
18543
747796417
816762
221822
35405
74737
816375
57204
28026
33559
810204
24639
525420
80599
132079
97997
37387
79280
525590
124768
31888
317278
103203
520337
84313
1050015101
67809
102801
61833
146765
910178
97623
54936
99822
153804
68171
813153
92919
78895
814568
104525
34150
192385
103505
128458
535357
84087
174189
18692
181262
94948
114155
63526
131660
99951
809111
107232
50289
30294
140968
47873
29702
186172
138902
75287
23301
550603
518790
108621
17828
164392
91521
100572
802464
17927
136741
60954
148597
575723
558612
135635
17926
93160
105726
91961
72715
18751
543142
546952
83256
95506
435649622
146022
166528
816825
142963
119716
56733
146500
143138
549301
1053591873
28514
93826
817390
137549
77298
61042
65359
33016
22558
33780
130367
804877
810972
116424
88111
21627
817485
36655
521796
130374
147439
45665
804780
529821
542504
74576